# This file uses centimeters as units for non-parametric coordinates.

mtllib shield2.mtl
g default
v -0.091275 2.376448 0.112828
v 0.091275 2.376448 0.112828
v 0.039421 2.559763 0.101938
v -0.039421 2.559763 0.101938
v -0.033231 2.706968 0.061685
v 0.033231 2.706968 0.061685
v 0.046672 2.706968 0.036187
v -0.046672 2.706968 0.036187
v -0.091275 2.376448 0.042437
v 0.091275 2.376448 0.042437
v 0.055366 2.559763 0.036187
v -0.055366 2.559763 0.036187
v 0.275103 2.192620 0.112828
v 0.275103 2.010070 0.112828
v 0.458418 2.061924 0.101938
v 0.458418 2.140766 0.101938
v 0.605623 2.134576 0.061685
v 0.605623 2.068114 0.061685
v 0.605623 2.054673 0.036187
v 0.605623 2.148017 0.036187
v 0.275103 2.192620 0.042437
v 0.275103 2.010070 0.042437
v 0.458418 2.045979 0.036187
v 0.458418 2.156711 0.036187
v 0.091275 1.826242 0.112828
v -0.091275 1.826242 0.112828
v -0.039421 1.642927 0.101938
v 0.039421 1.642927 0.101938
v 0.033231 1.495723 0.061685
v -0.033231 1.495723 0.061685
v -0.046672 1.495723 0.036187
v 0.046672 1.495723 0.036187
v 0.091275 1.826242 0.042437
v -0.091275 1.826242 0.042437
v -0.055366 1.642927 0.036187
v 0.055366 1.642927 0.036187
v -0.275103 2.010070 0.112828
v -0.275103 2.192620 0.112828
v -0.458418 2.140766 0.101938
v -0.458418 2.061924 0.101938
v -0.605623 2.068114 0.061685
v -0.605623 2.134576 0.061685
v -0.605623 2.148017 0.036187
v -0.605623 2.054673 0.036187
v -0.275103 2.010070 0.042437
v -0.275103 2.192620 0.042437
v -0.458418 2.156711 0.036187
v -0.458418 2.045979 0.036187
v -1.634137 2.356245 -0.061492
v -1.550905 2.383536 -0.067263
v -1.550905 2.383536 0.031137
v -1.634137 2.356245 0.025367
v -1.550905 1.696483 -0.067263
v -1.634137 1.723773 -0.061492
v -1.634137 1.723773 0.025367
v -1.550905 1.696483 0.031137
v -1.634137 1.803438 -0.051945
v -1.634137 1.803438 0.015819
v -1.634137 2.276581 0.015819
v -1.634137 2.276581 -0.051945
v -1.880468 2.040009 -0.018063
v -1.552823 2.231692 0.077508
v -1.552823 2.231692 0.040539
v -1.292129 2.231692 0.040539
v -1.292129 2.231692 0.077508
v -1.552823 1.970998 0.040539
v -1.552823 1.970998 0.077508
v -1.292129 1.970998 0.077508
v -1.292129 1.970998 0.040539
v -1.512240 2.011581 0.077508
v -1.332712 2.011581 0.077508
v -1.332712 2.191109 0.077508
v -1.512240 2.191109 0.077508
v -1.422476 2.101345 0.138787
v -1.512240 2.897708 0.040058
v -1.332712 2.897708 0.040058
v -1.332712 3.077237 0.040058
v -1.512240 3.077237 0.040058
v -1.422476 2.987473 0.101338
v -0.263007 1.837422 0.100246
v 0.241353 1.837422 0.100246
v 0.241353 2.341782 0.100246
v -0.263007 2.341782 0.100246
v 0.000000 2.101345 0.236906
v -0.307486 2.386261 0.100246
v -0.287467 2.434591 0.100246
v -0.355816 2.366242 0.100246
v -0.377019 2.383244 0.017801
v -0.304469 2.455794 0.017801
v 0.285832 2.386261 0.100246
v 0.334161 2.366242 0.100246
v 0.265813 2.434591 0.100246
v 0.282815 2.455794 0.017801
v 0.355364 2.383244 0.017801
v -0.307486 1.792943 0.100246
v -0.355816 1.812962 0.100246
v -0.287467 1.744613 0.100246
v -0.304469 1.723410 0.017801
v -0.377019 1.795960 0.017801
v 0.285832 1.792943 0.100246
v 0.265813 1.744613 0.100246
v 0.334161 1.812962 0.100246
v 0.355364 1.795960 0.017801
v 0.282815 1.723410 0.017801
v 0.163840 3.693285 0.082258
v -0.163840 3.693285 0.082258
v 0.163840 4.020965 0.082258
v -0.163840 4.020965 0.082258
v 0.163840 4.020965 0.035790
v -0.163840 4.020965 0.035790
v 0.163840 3.693285 0.035790
v -0.163840 3.693285 0.035790
v 0.112829 3.744296 0.082258
v -0.112829 3.744296 0.082258
v -0.112829 3.969954 0.082258
v 0.112829 3.969954 0.082258
v 0.000000 3.857125 0.159283
v -0.091275 2.376448 0.112828
v 0.091275 2.376448 0.112828
v -0.033231 2.706968 0.061685
v 0.033231 2.706968 0.061685
v -0.046672 2.706968 0.036187
v 0.046672 2.706968 0.036187
v -0.091275 2.376448 0.042437
v 0.091275 2.376448 0.042437
v -0.039421 2.559763 0.101938
v -0.055366 2.559763 0.036187
v 0.055366 2.559763 0.036187
v 0.039421 2.559763 0.101938
v 1.552823 1.970998 0.077508
v 1.292129 1.970998 0.077508
v 1.552823 2.231692 0.077508
v 1.292129 2.231692 0.077508
v 1.552823 2.231692 0.040539
v 1.292129 2.231692 0.040539
v 1.552823 1.970998 0.040539
v 1.292129 1.970998 0.040539
v 1.512240 2.011581 0.077508
v 1.332712 2.011581 0.077508
v 1.332712 2.191109 0.077508
v 1.512240 2.191109 0.077508
v 1.422476 2.101345 0.138787
v 0.164330 4.053597 0.034792
v -0.164330 4.053597 0.034792
v -0.164330 4.053597 -0.066176
v 0.164330 4.053597 -0.066176
v 0.000000 4.202690 -0.015692
v 0.164330 0.149092 0.034792
v -0.164330 0.149092 0.034792
v -0.164330 0.149092 -0.066176
v 0.164330 0.149092 -0.066176
v 0.000000 0.000000 -0.015692
v 1.634137 1.723773 -0.061492
v 1.634137 1.723773 0.025367
v 1.634137 2.356245 -0.061492
v 1.634137 2.356245 0.025367
v 1.550905 2.383536 -0.067263
v 1.550905 2.383536 0.031137
v 1.550905 1.696483 -0.067263
v 1.550905 1.696483 0.031137
v 1.634137 1.803438 -0.051945
v 1.634137 1.803438 0.015819
v 1.634137 2.276581 0.015819
v 1.634137 2.276581 -0.051945
v 1.880468 2.040009 -0.018063
v 1.512240 3.077237 0.040058
v 1.512240 2.897708 0.040058
v 1.332712 2.897708 0.040058
v 1.332712 3.077237 0.040058
v 1.422476 2.987473 0.101338
v 1.332712 1.125454 0.040058
v 1.512240 1.125454 0.040058
v 1.512240 1.304982 0.040058
v 1.332712 1.304982 0.040058
v 1.422476 1.215218 0.101338
v -1.332712 1.304982 0.040058
v -1.332712 1.125453 0.040058
v -1.512240 1.125453 0.040058
v -1.512240 1.304982 0.040058
v -1.422476 1.215218 0.101338
v 0.163840 2.858025 0.082258
v -0.163840 2.858025 0.082258
v 0.163840 3.185704 0.082258
v -0.163840 3.185704 0.082258
v 0.163840 3.185704 0.035790
v -0.163840 3.185704 0.035790
v 0.163840 2.858025 0.035790
v -0.163840 2.858025 0.035790
v 0.112829 2.909036 0.082258
v -0.112829 2.909036 0.082258
v -0.112829 3.134694 0.082258
v 0.112829 3.134694 0.082258
v 0.000000 3.021864 0.159283
v 0.163840 1.344665 0.082258
v -0.163840 1.344665 0.082258
v 0.163840 1.016986 0.082258
v -0.163840 1.016986 0.082258
v 0.163840 1.016986 0.035790
v -0.163840 1.016986 0.035790
v 0.163840 1.344665 0.035790
v -0.163840 1.344665 0.035790
v 0.112829 1.293655 0.082258
v -0.112829 1.293655 0.082258
v -0.112829 1.067997 0.082258
v 0.112829 1.067997 0.082258
v 0.000000 1.180826 0.159283
v 0.163840 0.509405 0.082258
v -0.163840 0.509405 0.082258
v 0.163840 0.181726 0.082258
v -0.163840 0.181726 0.082258
v 0.163840 0.181726 0.035790
v -0.163840 0.181726 0.035790
v 0.163840 0.509405 0.035790
v -0.163840 0.509405 0.035790
v 0.112829 0.458394 0.082258
v -0.112829 0.458394 0.082258
v -0.112829 0.232736 0.082258
v 0.112829 0.232736 0.082258
v 0.000000 0.345565 0.159283
v -0.000000 2.101345 0.040866
v 0.000000 3.709513 0.040866
v 0.000000 3.991687 0.040866
v 0.000000 3.020367 0.040866
v 0.000000 4.068128 0.040866
v 0.000000 2.589498 0.040866
v 0.000000 2.101345 -0.070453
v 0.000000 4.068128 -0.070453
v 0.332678 3.187446 0.008015
v 0.329483 2.850247 0.008015
v 0.332889 2.595008 0.008015
v 0.582453 2.382506 0.008015
v 0.517742 2.537005 0.008015
v 1.213205 2.376054 0.008015
v 1.212936 2.824433 0.008015
v 1.169198 3.168980 0.008015
v 0.332678 3.677532 0.008015
v 0.770927 3.516638 0.008015
v 0.310120 2.368901 0.040866
v 0.574175 2.366200 0.040866
v 0.310120 3.703373 0.040866
v 0.296928 3.984917 0.040866
v 0.310120 3.175092 0.040866
v 0.310120 2.865643 0.040866
v 1.575950 2.838349 0.040866
v 1.560286 3.139072 0.040866
v 1.633341 3.120520 0.040866
v 1.645839 2.866425 0.040866
v 0.244791 4.068430 0.040866
v 0.310120 2.589498 0.040866
v 0.502282 2.532509 0.040866
v 1.563934 2.101345 0.040866
v 1.242984 2.101345 0.040866
v 1.232566 2.359048 0.040866
v 1.211835 3.155186 0.040866
v 0.782524 3.529939 0.040866
v 0.986118 3.663957 0.040866
v 1.232285 2.838698 0.040866
v 0.296928 3.984917 -0.070453
v 1.575950 2.838349 -0.070453
v 1.560286 3.139072 -0.070453
v 1.633341 3.120520 -0.070453
v 1.645839 2.866425 -0.070453
v 0.244791 4.068430 -0.070453
v 1.563934 2.101345 -0.070453
v 0.986118 3.663957 -0.070453
v -0.332678 3.187446 0.008015
v -0.329483 2.850247 0.008015
v -0.332889 2.595008 0.008015
v -0.582453 2.382506 0.008015
v -0.517742 2.537005 0.008015
v -1.213205 2.376054 0.008015
v -1.212936 2.824433 0.008015
v -1.169198 3.168980 0.008015
v -0.332678 3.677532 0.008015
v -0.770927 3.516638 0.008015
v -0.310120 2.368901 0.040866
v -0.574175 2.366200 0.040866
v -0.310120 3.703373 0.040866
v -0.296928 3.984917 0.040866
v -0.310120 3.175092 0.040866
v -0.310120 2.865643 0.040866
v -1.575950 2.838349 0.040866
v -1.560286 3.139072 0.040866
v -1.633341 3.120520 0.040866
v -1.645839 2.866425 0.040866
v -0.244791 4.068430 0.040866
v -0.310120 2.589498 0.040866
v -0.502282 2.532509 0.040866
v -1.563934 2.101345 0.040866
v -1.242984 2.101345 0.040866
v -1.232566 2.359048 0.040866
v -1.211835 3.155186 0.040866
v -0.782524 3.529939 0.040866
v -0.986118 3.663957 0.040866
v -1.232285 2.838698 0.040866
v -0.296928 3.984917 -0.070453
v -1.575950 2.838349 -0.070453
v -1.560286 3.139072 -0.070453
v -1.633341 3.120520 -0.070453
v -1.645839 2.866425 -0.070453
v -0.244791 4.068430 -0.070453
v -1.563934 2.101345 -0.070453
v -0.986118 3.663957 -0.070453
v 0.000000 0.493177 0.040866
v 0.000000 0.211003 0.040866
v 0.000000 1.182323 0.040866
v 0.000000 0.134562 0.040866
v 0.000000 1.613192 0.040866
v 0.000000 0.134562 -0.070453
v -0.332678 1.015244 0.008015
v -0.329483 1.352443 0.008015
v -0.332889 1.607682 0.008015
v -0.582453 1.820184 0.008015
v -0.517742 1.665685 0.008015
v -1.213205 1.826636 0.008015
v -1.212936 1.378257 0.008015
v -1.169198 1.033710 0.008015
v -0.332678 0.525158 0.008015
v -0.770927 0.686052 0.008015
v -0.310120 1.833789 0.040866
v -0.574175 1.836490 0.040866
v -0.310120 0.499317 0.040866
v -0.296928 0.217773 0.040866
v -0.310120 1.027599 0.040866
v -0.310120 1.337047 0.040866
v -1.575950 1.364341 0.040866
v -1.560286 1.063618 0.040866
v -1.633341 1.082170 0.040866
v -1.645839 1.336266 0.040866
v -0.244791 0.134260 0.040866
v -0.310120 1.613192 0.040866
v -0.502282 1.670181 0.040866
v -1.232566 1.843642 0.040866
v -1.211835 1.047504 0.040866
v -0.782524 0.672751 0.040866
v -0.986118 0.538733 0.040866
v -1.232285 1.363992 0.040866
v -0.296928 0.217773 -0.070453
v -1.575950 1.364341 -0.070453
v -1.560286 1.063618 -0.070453
v -1.633341 1.082170 -0.070453
v -1.645839 1.336266 -0.070453
v -0.244791 0.134260 -0.070453
v -0.986118 0.538733 -0.070453
v 0.332678 1.015244 0.008015
v 0.329483 1.352443 0.008015
v 0.332889 1.607682 0.008015
v 0.582453 1.820184 0.008015
v 0.517742 1.665685 0.008015
v 1.213205 1.826636 0.008015
v 1.212936 1.378257 0.008015
v 1.169198 1.033710 0.008015
v 0.332678 0.525158 0.008015
v 0.770927 0.686052 0.008015
v 0.310120 1.833789 0.040866
v 0.574175 1.836490 0.040866
v 0.310120 0.499317 0.040866
v 0.296928 0.217773 0.040866
v 0.310120 1.027599 0.040866
v 0.310120 1.337047 0.040866
v 1.575950 1.364341 0.040866
v 1.560286 1.063618 0.040866
v 1.633341 1.082170 0.040866
v 1.645839 1.336266 0.040866
v 0.244791 0.134260 0.040866
v 0.310120 1.613192 0.040866
v 0.502282 1.670181 0.040866
v 1.232566 1.843642 0.040866
v 1.211835 1.047504 0.040866
v 0.782524 0.672751 0.040866
v 0.986118 0.538733 0.040866
v 1.232285 1.363992 0.040866
v 0.296928 0.217773 -0.070453
v 1.575950 1.364341 -0.070453
v 1.560286 1.063618 -0.070453
v 1.633341 1.082170 -0.070453
v 1.645839 1.336266 -0.070453
v 0.244791 0.134260 -0.070453
v 0.986118 0.538733 -0.070453
v -0.096708 1.276164 -0.074949
v 0.096708 1.276164 -0.074949
v -0.096708 2.926526 -0.074949
v 0.096708 2.926526 -0.074949
v -0.096708 2.926526 -0.145767
v 0.096708 2.926526 -0.145767
v -0.096708 1.276164 -0.145767
v 0.096708 1.276164 -0.145767
v 0.096708 2.101345 -0.236906
v -0.096708 2.101345 -0.236906
v -0.096708 2.101345 -0.166089
v 0.096708 2.101345 -0.166089
v 0.096708 2.799726 -0.143741
v -0.096708 2.799726 -0.143741
v -0.096708 2.799726 -0.072924
v 0.096708 2.799726 -0.072924
v 0.096708 1.402964 -0.143741
v -0.096708 1.402964 -0.143741
v -0.096708 1.402964 -0.072924
v 0.096708 1.402964 -0.072924
vt 0.904037 0.038381
vt 0.956752 0.038381
vt 0.954515 0.134588
vt 0.906126 0.134588
vt 0.912246 0.200998
vt 0.948190 0.200998
vt 0.966654 0.224540
vt 0.893865 0.224540
vt 0.869446 0.008786
vt 0.991073 0.008786
vt 0.991073 0.134588
vt 0.869446 0.134588
vt 0.904037 0.038381
vt 0.956752 0.038381
vt 0.954515 0.134588
vt 0.906126 0.134588
vt 0.912246 0.200998
vt 0.948190 0.200998
vt 0.966654 0.224540
vt 0.893865 0.224540
vt 0.869446 0.008786
vt 0.991073 0.008786
vt 0.991073 0.134588
vt 0.869446 0.134588
vt 0.904037 0.038381
vt 0.956752 0.038381
vt 0.954515 0.134588
vt 0.906126 0.134588
vt 0.912246 0.200998
vt 0.948190 0.200998
vt 0.966654 0.224540
vt 0.893865 0.224540
vt 0.869446 0.008786
vt 0.991073 0.008786
vt 0.991073 0.134588
vt 0.869446 0.134588
vt 0.904037 0.038381
vt 0.956752 0.038381
vt 0.954515 0.134588
vt 0.906126 0.134588
vt 0.912246 0.200998
vt 0.948190 0.200998
vt 0.966654 0.224540
vt 0.893865 0.224540
vt 0.869446 0.008786
vt 0.991073 0.008786
vt 0.991073 0.134588
vt 0.869446 0.134588
vt 0.843959 0.223645
vt 0.862176 0.242112
vt 0.623889 0.242112
vt 0.642106 0.223645
vt 0.862176 0.004105
vt 0.843959 0.022573
vt 0.642106 0.023134
vt 0.623889 0.004105
vt 0.813481 0.052915
vt 0.672584 0.052915
vt 0.672584 0.193303
vt 0.813481 0.193303
vt 0.743032 0.123109
vt 0.843959 0.223645
vt 0.642106 0.223645
vt 0.623889 0.242112
vt 0.862176 0.242112
vt 0.862176 0.004105
vt 0.623889 0.004105
vt 0.642106 0.023134
vt 0.843959 0.022573
vt 0.672584 0.052915
vt 0.813481 0.052915
vt 0.672584 0.193303
vt 0.813481 0.193303
vt 0.743032 0.123109
vt 0.238098 0.671689
vt 0.345936 0.671689
vt 0.292017 0.725608
vt 0.345936 0.779527
vt 0.238098 0.779527
vt 0.037991 0.992976
vt 0.045888 0.975149
vt 0.200080 0.974487
vt 0.208972 0.992976
vt 0.046728 0.787859
vt 0.037823 0.769351
vt 0.208792 0.769351
vt 0.200904 0.787173
vt 0.216713 0.804483
vt 0.235206 0.795578
vt 0.235206 0.966557
vt 0.217393 0.958670
vt 0.011584 0.795755
vt 0.029415 0.803652
vt 0.030088 0.957834
vt 0.011584 0.966727
vt 0.058624 0.816664
vt 0.187948 0.816377
vt 0.126038 0.884010
vt 0.188237 0.945731
vt 0.058888 0.945985
vt 0.042470 0.962319
vt 0.042262 0.800242
vt 0.204573 0.962107
vt 0.204332 0.800012
vt 0.843959 0.223645
vt 0.862176 0.242112
vt 0.623889 0.242112
vt 0.642106 0.223645
vt 0.862176 0.004105
vt 0.843959 0.022573
vt 0.642106 0.023134
vt 0.623889 0.004105
vt 0.813481 0.052915
vt 0.672584 0.052915
vt 0.672584 0.193303
vt 0.813481 0.193303
vt 0.743032 0.123109
vt 0.904037 0.038381
vt 0.956752 0.038381
vt 0.954515 0.134588
vt 0.906126 0.134588
vt 0.912246 0.200998
vt 0.948190 0.200998
vt 0.966654 0.224540
vt 0.893865 0.224540
vt 0.869446 0.008786
vt 0.991073 0.008786
vt 0.991073 0.134588
vt 0.869446 0.134588
vt 0.843959 0.223645
vt 0.862176 0.242112
vt 0.623889 0.242112
vt 0.642106 0.223645
vt 0.862176 0.004105
vt 0.843959 0.022573
vt 0.642106 0.023134
vt 0.623889 0.004105
vt 0.813481 0.052915
vt 0.672584 0.052915
vt 0.672584 0.193303
vt 0.813481 0.193303
vt 0.743032 0.123109
vt 0.238098 0.671689
vt 0.292017 0.725608
vt 0.345936 0.671689
vt 0.345936 0.779527
vt 0.238098 0.779527
vt 0.238098 0.671689
vt 0.345936 0.671689
vt 0.292017 0.725608
vt 0.345936 0.779527
vt 0.238098 0.779527
vt 0.843959 0.223645
vt 0.862176 0.242112
vt 0.623889 0.242112
vt 0.642106 0.223645
vt 0.862176 0.004105
vt 0.843959 0.022573
vt 0.642106 0.023134
vt 0.623889 0.004105
vt 0.813481 0.052915
vt 0.672584 0.052915
vt 0.672584 0.193303
vt 0.813481 0.193303
vt 0.743032 0.123109
vt 0.238098 0.671689
vt 0.345936 0.671689
vt 0.292017 0.725608
vt 0.345936 0.671689
vt 0.345936 0.779527
vt 0.292017 0.725608
vt 0.345936 0.779527
vt 0.238098 0.779527
vt 0.292017 0.725608
vt 0.238098 0.779527
vt 0.238098 0.671689
vt 0.292017 0.725608
vt 0.238098 0.671689
vt 0.345936 0.671689
vt 0.292017 0.725608
vt 0.345936 0.779527
vt 0.238098 0.779527
vt 0.238098 0.671689
vt 0.345936 0.671689
vt 0.292017 0.725608
vt 0.345936 0.671689
vt 0.345936 0.779527
vt 0.292017 0.725608
vt 0.345936 0.779527
vt 0.238098 0.779527
vt 0.292017 0.725608
vt 0.238098 0.779527
vt 0.238098 0.671689
vt 0.292017 0.725608
vt 0.843959 0.223645
vt 0.862176 0.242112
vt 0.623889 0.242112
vt 0.642106 0.223645
vt 0.862176 0.004105
vt 0.843959 0.022573
vt 0.642106 0.023134
vt 0.623889 0.004105
vt 0.813481 0.052915
vt 0.672584 0.052915
vt 0.672584 0.193303
vt 0.813481 0.193303
vt 0.743032 0.123109
vt 0.843959 0.223645
vt 0.642106 0.223645
vt 0.623889 0.242112
vt 0.862176 0.242112
vt 0.862176 0.004105
vt 0.623889 0.004105
vt 0.642106 0.023134
vt 0.843959 0.022573
vt 0.672584 0.052915
vt 0.813481 0.052915
vt 0.672584 0.193303
vt 0.813481 0.193303
vt 0.743032 0.123109
vt 0.843959 0.223645
vt 0.642106 0.223645
vt 0.623889 0.242112
vt 0.862176 0.242112
vt 0.862176 0.004105
vt 0.623889 0.004105
vt 0.642106 0.023134
vt 0.843959 0.022573
vt 0.672584 0.052915
vt 0.813481 0.052915
vt 0.672584 0.193303
vt 0.813481 0.193303
vt 0.743032 0.123109
vt 0.984378 0.982666
vt 0.892049 0.777156
vt 0.887840 0.870753
vt 0.304530 0.875654
vt 0.302006 0.982666
vt 0.403940 0.982666
vt 0.404127 0.871858
vt 0.652728 0.982666
vt 0.705675 0.872404
vt 0.599899 0.872697
vt 0.718303 0.413804
vt 0.708238 0.388827
vt 0.616618 0.393348
vt 0.609976 0.419436
vt 0.274564 0.894396
vt 0.274700 0.982666
vt 0.808226 0.982666
vt 0.810099 0.873178
vt 0.831901 0.804297
vt 0.824511 0.793249
vt 0.717072 0.862027
vt 0.804032 0.860072
vt 0.984378 0.418303
vt 0.892712 0.536789
vt 0.984378 0.534052
vt 0.420458 0.626812
vt 0.465271 0.698046
vt 0.605499 0.543929
vt 0.715412 0.535839
vt 0.726357 0.547075
vt 0.879603 0.770630
vt 0.882631 0.546993
vt 0.417737 0.861490
vt 0.589374 0.860667
vt 0.597599 0.562329
vt 0.476897 0.706543
vt 0.610623 0.388473
vt 0.582146 0.369035
vt 0.559046 0.380751
vt 0.589965 0.408921
vt 0.568281 0.269878
vt 0.585141 0.290041
vt 0.114276 0.674475
vt 0.008300 0.703170
vt 0.091529 0.699330
vt 0.621764 0.285717
vt 0.609692 0.260785
vt 0.008300 0.741929
vt 0.105075 0.741929
vt 0.134569 0.710717
vt 0.378832 0.596051
vt 0.357052 0.563222
vt 0.558403 0.009158
vt 0.609692 0.009158
vt 0.008300 0.009158
vt 0.984378 0.982666
vt 0.887840 0.870753
vt 0.892049 0.777156
vt 0.304530 0.875654
vt 0.404127 0.871858
vt 0.403940 0.982666
vt 0.302006 0.982666
vt 0.652728 0.982666
vt 0.599899 0.872697
vt 0.705675 0.872404
vt 0.718303 0.413804
vt 0.609976 0.419436
vt 0.616618 0.393348
vt 0.708238 0.388827
vt 0.274700 0.982666
vt 0.274564 0.894396
vt 0.808226 0.982666
vt 0.810099 0.873178
vt 0.831901 0.804297
vt 0.824511 0.793249
vt 0.804032 0.860072
vt 0.717072 0.862027
vt 0.984378 0.418303
vt 0.984378 0.534052
vt 0.892712 0.536789
vt 0.605499 0.543929
vt 0.465271 0.698046
vt 0.420458 0.626812
vt 0.715412 0.535839
vt 0.726357 0.547075
vt 0.882631 0.546993
vt 0.879603 0.770630
vt 0.417737 0.861490
vt 0.476897 0.706543
vt 0.597599 0.562329
vt 0.589374 0.860667
vt 0.610623 0.388473
vt 0.589965 0.408921
vt 0.559046 0.380751
vt 0.582146 0.369035
vt 0.568281 0.269878
vt 0.585141 0.290041
vt 0.114276 0.674475
vt 0.091529 0.699330
vt 0.008300 0.703170
vt 0.621764 0.285717
vt 0.609692 0.260785
vt 0.008300 0.741929
vt 0.105075 0.741929
vt 0.134569 0.710717
vt 0.378832 0.596051
vt 0.357052 0.563222
vt 0.558403 0.009158
vt 0.609692 0.009158
vt 0.008300 0.009158
vt 0.984378 0.982666
vt 0.892049 0.777156
vt 0.887840 0.870753
vt 0.304530 0.875654
vt 0.302006 0.982666
vt 0.403940 0.982666
vt 0.404127 0.871858
vt 0.652728 0.982666
vt 0.705675 0.872404
vt 0.599899 0.872697
vt 0.718303 0.413804
vt 0.708238 0.388827
vt 0.616618 0.393348
vt 0.609976 0.419436
vt 0.274564 0.894396
vt 0.274700 0.982666
vt 0.808226 0.982666
vt 0.810099 0.873178
vt 0.831901 0.804297
vt 0.824511 0.793249
vt 0.717072 0.862027
vt 0.804032 0.860072
vt 0.984378 0.418303
vt 0.892712 0.536789
vt 0.984378 0.534052
vt 0.420458 0.626812
vt 0.465271 0.698046
vt 0.605499 0.543929
vt 0.715412 0.535839
vt 0.726357 0.547075
vt 0.879603 0.770630
vt 0.882631 0.546993
vt 0.417737 0.861490
vt 0.589374 0.860667
vt 0.597599 0.562329
vt 0.476897 0.706543
vt 0.610623 0.388473
vt 0.582146 0.369035
vt 0.559046 0.380751
vt 0.589965 0.408921
vt 0.568281 0.269878
vt 0.585141 0.290041
vt 0.114276 0.674475
vt 0.008300 0.703170
vt 0.091529 0.699330
vt 0.621764 0.285717
vt 0.609692 0.260785
vt 0.008300 0.741929
vt 0.105075 0.741929
vt 0.134569 0.710717
vt 0.378832 0.596051
vt 0.357052 0.563222
vt 0.558403 0.009158
vt 0.609692 0.009158
vt 0.008300 0.009158
vt 0.984378 0.982666
vt 0.887840 0.870753
vt 0.892049 0.777156
vt 0.304530 0.875654
vt 0.404127 0.871858
vt 0.403940 0.982666
vt 0.302006 0.982666
vt 0.652728 0.982666
vt 0.599899 0.872697
vt 0.705675 0.872404
vt 0.718303 0.413804
vt 0.609976 0.419436
vt 0.616618 0.393348
vt 0.708238 0.388827
vt 0.274700 0.982666
vt 0.274564 0.894396
vt 0.808226 0.982666
vt 0.810099 0.873178
vt 0.831901 0.804297
vt 0.824511 0.793249
vt 0.804032 0.860072
vt 0.717072 0.862027
vt 0.984378 0.418303
vt 0.984378 0.534052
vt 0.892712 0.536789
vt 0.605499 0.543929
vt 0.465271 0.698046
vt 0.420458 0.626812
vt 0.715412 0.535839
vt 0.726357 0.547075
vt 0.882631 0.546993
vt 0.879603 0.770630
vt 0.417737 0.861490
vt 0.476897 0.706543
vt 0.597599 0.562329
vt 0.589374 0.860667
vt 0.610623 0.388473
vt 0.589965 0.408921
vt 0.559046 0.380751
vt 0.582146 0.369035
vt 0.568281 0.269878
vt 0.585141 0.290041
vt 0.114276 0.674475
vt 0.091529 0.699330
vt 0.008300 0.703170
vt 0.621764 0.285717
vt 0.609692 0.260785
vt 0.008300 0.741929
vt 0.105075 0.741929
vt 0.134569 0.710717
vt 0.378832 0.596051
vt 0.357052 0.563222
vt 0.558403 0.009158
vt 0.609692 0.009158
vt 0.008300 0.009158
vt 0.992740 0.251273
vt 0.992849 0.320710
vt 0.983886 0.307693
vt 0.983817 0.264318
vt 0.955501 0.307738
vt 0.955433 0.264363
vt 0.637443 0.264866
vt 0.637511 0.308240
vt 0.628588 0.321286
vt 0.628479 0.251849
vt 0.955522 0.320769
vt 0.955412 0.251332
vt 0.810710 0.264592
vt 0.810779 0.307967
vt 0.671004 0.308187
vt 0.670936 0.264813
vt 0.670915 0.251781
vt 0.810690 0.251561
vt 0.671025 0.321219
vt 0.810800 0.320998
vn 0.000000 0.059302 0.998240
vn 0.000000 0.059302 0.998240
vn 0.000000 0.162408 0.986724
vn 0.000000 0.162408 0.986724
vn 0.000000 1.000000 -0.000005
vn 0.000000 1.000000 -0.000005
vn 0.000000 1.000000 -0.000005
vn 0.000000 1.000000 -0.000005
vn 0.000000 -1.000000 0.000000
vn 0.000000 -1.000000 0.000000
vn 0.000000 -1.000000 0.000000
vn 0.000000 -1.000000 0.000000
vn 0.965083 0.236303 0.113028
vn 0.965083 0.236303 0.113028
vn 0.963659 0.164196 0.210715
vn 0.963659 0.164196 0.210715
vn -0.965083 0.236303 0.113028
vn -0.965083 0.236303 0.113028
vn -0.963659 0.164196 0.210715
vn -0.963659 0.164196 0.210715
vn -0.948026 0.089668 0.305296
vn -0.948026 0.089668 0.305296
vn 0.948026 0.089668 0.305296
vn 0.948026 0.089668 0.305296
vn 0.000000 0.263765 0.964587
vn 0.000000 0.263765 0.964587
vn 0.059302 0.000000 0.998240
vn 0.059302 0.000000 0.998240
vn 0.162407 0.000000 0.986724
vn 0.162407 0.000000 0.986724
vn 1.000000 0.000000 0.000002
vn 1.000000 0.000000 0.000002
vn 1.000000 0.000000 0.000002
vn 1.000000 0.000000 0.000002
vn -1.000000 0.000000 0.000000
vn -1.000000 0.000000 0.000000
vn -1.000000 0.000000 0.000000
vn -1.000000 0.000000 0.000000
vn 0.236304 -0.965083 0.113025
vn 0.236304 -0.965083 0.113025
vn 0.164196 -0.963660 0.210711
vn 0.164196 -0.963660 0.210711
vn 0.236304 0.965083 0.113028
vn 0.236304 0.965083 0.113028
vn 0.164196 0.963659 0.210714
vn 0.164196 0.963659 0.210714
vn 0.089668 0.948027 0.305294
vn 0.089668 0.948027 0.305294
vn 0.089667 -0.948028 0.305291
vn 0.089667 -0.948028 0.305291
vn 0.263765 0.000000 0.964587
vn 0.263765 0.000000 0.964587
vn 0.000000 -0.059302 0.998240
vn 0.000000 -0.059302 0.998240
vn 0.000000 -0.162408 0.986724
vn 0.000000 -0.162408 0.986724
vn 0.000000 -1.000000 0.000001
vn 0.000000 -1.000000 0.000001
vn 0.000000 -1.000000 0.000001
vn 0.000000 -1.000000 0.000001
vn 0.000000 1.000000 0.000000
vn 0.000000 1.000000 0.000000
vn 0.000000 1.000000 0.000000
vn 0.000000 1.000000 0.000000
vn -0.965083 -0.236303 0.113026
vn -0.965083 -0.236303 0.113026
vn -0.963659 -0.164196 0.210715
vn -0.963659 -0.164196 0.210715
vn 0.965083 -0.236303 0.113026
vn 0.965083 -0.236303 0.113026
vn 0.963659 -0.164196 0.210715
vn 0.963659 -0.164196 0.210715
vn 0.948026 -0.089668 0.305296
vn 0.948026 -0.089668 0.305296
vn -0.948026 -0.089668 0.305296
vn -0.948026 -0.089668 0.305296
vn 0.000000 -0.263766 0.964587
vn 0.000000 -0.263766 0.964587
vn -0.059302 0.000000 0.998240
vn -0.059302 0.000000 0.998240
vn -0.162407 0.000000 0.986724
vn -0.162407 0.000000 0.986724
vn -1.000000 -0.000002 -0.000000
vn -1.000000 -0.000002 -0.000000
vn -1.000000 -0.000002 -0.000000
vn -1.000000 -0.000002 -0.000000
vn 1.000000 0.000000 0.000000
vn 1.000000 0.000000 0.000000
vn 1.000000 0.000000 0.000000
vn 1.000000 0.000000 0.000000
vn -0.236304 0.965083 0.113028
vn -0.236304 0.965083 0.113028
vn -0.164196 0.963659 0.210714
vn -0.164196 0.963659 0.210714
vn -0.236304 -0.965083 0.113025
vn -0.236304 -0.965083 0.113025
vn -0.164196 -0.963659 0.210713
vn -0.164196 -0.963659 0.210713
vn -0.089667 -0.948027 0.305295
vn -0.089667 -0.948027 0.305295
vn -0.089668 0.948027 0.305294
vn -0.089668 0.948027 0.305294
vn -0.263765 0.000000 0.964587
vn -0.263765 0.000000 0.964587
vn 0.311569 -0.950224 0.000000
vn 0.311569 -0.950224 0.000000
vn 0.311569 -0.950224 0.000000
vn 0.311569 -0.950224 0.000000
vn 0.311569 0.950224 0.000000
vn 0.311569 0.950224 0.000000
vn 0.311569 0.950224 0.000000
vn 0.311569 0.950224 0.000000
vn 0.069166 0.000000 -0.997605
vn 0.069166 0.000000 -0.997605
vn 0.069166 0.000000 -0.997605
vn 0.069166 0.000000 -0.997605
vn 0.069166 0.000000 0.997605
vn 0.069166 0.000000 0.997605
vn 0.069166 0.000000 0.997605
vn 0.069166 0.000000 0.997605
vn 1.000000 -0.000001 0.000000
vn 1.000000 -0.000001 0.000000
vn 1.000000 -0.000001 -0.000006
vn 1.000000 -0.000001 -0.000006
vn 1.000000 0.000001 -0.000006
vn 1.000000 0.000001 -0.000006
vn 1.000000 0.000001 0.000000
vn 1.000000 0.000001 0.000000
vn 0.692674 0.721251 -0.000001
vn 0.692674 0.721251 -0.000001
vn 0.692674 0.721251 -0.000001
vn 0.136263 0.000000 -0.990673
vn 0.136263 0.000000 -0.990673
vn 0.136263 0.000000 -0.990673
vn 0.692674 -0.721251 0.000003
vn 0.692674 -0.721251 0.000003
vn 0.692674 -0.721251 0.000003
vn 0.136263 0.000000 0.990673
vn 0.136263 0.000000 0.990673
vn 0.136263 0.000000 0.990673
vn 0.000000 1.000000 0.000000
vn 0.000000 1.000000 0.000000
vn 0.000000 1.000000 0.000000
vn 0.000000 1.000000 0.000000
vn 0.000000 -1.000000 0.000000
vn 0.000000 -1.000000 0.000000
vn 0.000000 -1.000000 0.000000
vn 0.000000 -1.000000 0.000000
vn 1.000000 0.000000 0.000000
vn 1.000000 0.000000 0.000000
vn 1.000000 0.000000 0.000000
vn 1.000000 0.000000 0.000000
vn -1.000000 0.000000 0.000000
vn -1.000000 0.000000 0.000000
vn -1.000000 0.000000 0.000000
vn -1.000000 0.000000 0.000000
vn -0.000000 0.000000 1.000000
vn 0.000000 0.000000 1.000000
vn 0.000000 0.000000 1.000000
vn -0.000000 0.000000 1.000000
vn 0.000000 0.000000 1.000000
vn 0.000000 0.000000 1.000000
vn -0.000000 0.000000 1.000000
vn -0.000000 0.000000 1.000000
vn 0.000000 -0.563820 0.825898
vn 0.000000 -0.563820 0.825898
vn 0.000000 -0.563820 0.825898
vn 0.563820 0.000000 0.825898
vn 0.563820 0.000000 0.825898
vn 0.563820 0.000000 0.825898
vn 0.000000 0.563818 0.825899
vn 0.000000 0.563818 0.825899
vn 0.000000 0.563818 0.825899
vn -0.563820 0.000000 0.825898
vn -0.563820 0.000000 0.825898
vn -0.563820 0.000000 0.825898
vn 0.000000 -0.563820 0.825898
vn 0.000000 -0.563820 0.825898
vn 0.000000 -0.563820 0.825898
vn 0.563820 0.000000 0.825898
vn 0.563820 0.000000 0.825898
vn 0.563820 0.000000 0.825898
vn 0.000000 0.563820 0.825898
vn 0.000000 0.563820 0.825898
vn 0.000000 0.563820 0.825898
vn -0.563817 0.000000 0.825899
vn -0.563817 0.000000 0.825899
vn -0.563817 0.000000 0.825899
vn 0.000000 0.968485 0.249072
vn 0.000000 0.968485 0.249072
vn 0.000000 0.968485 0.249072
vn 0.000000 0.968485 0.249072
vn 0.000000 -0.968484 0.249075
vn 0.000000 -0.968484 0.249075
vn 0.000000 -0.968484 0.249075
vn 0.000000 -0.968484 0.249075
vn 0.968485 0.000000 0.249073
vn 0.968485 0.000000 0.249073
vn 0.968485 0.000000 0.249073
vn 0.968485 0.000000 0.249073
vn -0.968485 0.000000 0.249073
vn -0.968485 0.000000 0.249073
vn -0.968485 0.000000 0.249073
vn -0.968485 0.000000 0.249073
vn 0.000000 -0.459816 0.888014
vn 0.000000 -0.459816 0.888014
vn 0.000000 -0.459816 0.888014
vn 0.492723 0.000000 0.870186
vn 0.492723 0.000000 0.870186
vn 0.492723 0.000000 0.870186
vn 0.000000 0.494143 0.869381
vn 0.000000 0.494143 0.869381
vn 0.000000 0.494143 0.869381
vn -0.461078 0.000000 0.887360
vn -0.461078 0.000000 0.887360
vn -0.461078 0.000000 0.887360
vn 0.000000 0.000000 1.000000
vn 0.000000 0.000000 1.000000
vn 0.000000 0.000000 1.000000
vn 0.000000 0.000000 1.000000
vn -0.000000 0.000000 1.000000
vn -0.000000 0.000000 1.000000
vn -0.000000 0.000000 1.000000
vn -0.000000 0.000000 1.000000
vn -0.000000 0.000000 1.000000
vn -0.000000 0.000000 1.000000
vn 0.000000 0.000000 1.000000
vn 0.000000 0.000000 1.000000
vn -0.671952 0.671952 0.311386
vn -0.671952 0.671952 0.311386
vn -0.671952 0.671952 0.311386
vn -0.671952 0.671952 0.311386
vn 0.671952 0.671952 0.311386
vn 0.671952 0.671952 0.311386
vn 0.671952 0.671952 0.311386
vn 0.671952 0.671952 0.311386
vn -0.671952 -0.671952 0.311385
vn -0.671952 -0.671952 0.311385
vn -0.671952 -0.671952 0.311385
vn -0.671952 -0.671952 0.311385
vn 0.671952 -0.671952 0.311386
vn 0.671952 -0.671952 0.311386
vn 0.671952 -0.671952 0.311386
vn 0.671952 -0.671952 0.311386
vn 0.000000 0.000000 1.000000
vn 0.000000 0.000000 1.000000
vn 0.000000 0.000000 1.000000
vn 0.000000 0.000000 1.000000
vn 0.000000 0.000000 1.000000
vn 0.000000 0.000000 1.000000
vn 0.000000 0.000000 1.000000
vn -0.000000 0.000000 1.000000
vn 0.000000 1.000000 0.000000
vn 0.000000 1.000000 0.000000
vn 0.000000 1.000000 0.000000
vn 0.000000 1.000000 0.000000
vn 0.000000 -1.000000 0.000000
vn 0.000000 -1.000000 0.000000
vn 0.000000 -1.000000 0.000000
vn 0.000000 -1.000000 0.000000
vn -1.000000 0.000000 0.000000
vn -1.000000 0.000000 0.000000
vn -1.000000 0.000000 0.000000
vn -1.000000 0.000000 0.000000
vn 1.000000 0.000000 0.000000
vn 1.000000 0.000000 0.000000
vn 1.000000 0.000000 0.000000
vn 1.000000 0.000000 0.000000
vn 0.000000 0.000000 1.000000
vn 0.000000 0.000000 1.000000
vn 0.000000 0.000000 1.000000
vn 0.000000 0.000000 1.000000
vn 0.000000 0.000000 1.000000
vn 0.000000 0.000000 1.000000
vn 0.000000 0.000000 1.000000
vn 0.000000 0.000000 1.000000
vn 0.000000 -0.563818 0.825899
vn 0.000000 -0.563818 0.825899
vn 0.000000 -0.563818 0.825899
vn -0.563818 0.000000 0.825899
vn -0.563818 0.000000 0.825899
vn -0.563818 0.000000 0.825899
vn 0.000000 0.563820 0.825898
vn 0.000000 0.563820 0.825898
vn 0.000000 0.563820 0.825898
vn 0.563818 0.000000 0.825899
vn 0.563818 0.000000 0.825899
vn 0.563818 0.000000 0.825899
vn 0.000000 0.059302 0.998240
vn 0.000000 0.059302 0.998240
vn 0.000000 0.162408 0.986724
vn 0.000000 0.162408 0.986724
vn 0.000000 1.000000 -0.000005
vn 0.000000 1.000000 -0.000005
vn 0.000000 1.000000 -0.000005
vn 0.000000 1.000000 -0.000005
vn 0.000000 -1.000000 0.000000
vn 0.000000 -1.000000 0.000000
vn 0.000000 -1.000000 0.000000
vn 0.000000 -1.000000 0.000000
vn 0.965083 0.236303 0.113028
vn 0.965083 0.236303 0.113028
vn 0.963659 0.164196 0.210715
vn 0.963659 0.164196 0.210715
vn -0.965083 0.236303 0.113028
vn -0.965083 0.236303 0.113028
vn -0.963659 0.164196 0.210715
vn -0.963659 0.164196 0.210715
vn -0.948026 0.089668 0.305296
vn -0.948026 0.089668 0.305296
vn 0.948026 0.089668 0.305296
vn 0.948026 0.089668 0.305296
vn 0.000000 0.263765 0.964587
vn 0.000000 0.263765 0.964587
vn 0.000000 1.000000 0.000000
vn 0.000000 1.000000 0.000000
vn 0.000000 1.000000 0.000000
vn 0.000000 1.000000 0.000000
vn 0.000000 -1.000000 0.000000
vn 0.000000 -1.000000 0.000000
vn 0.000000 -1.000000 0.000000
vn 0.000000 -1.000000 0.000000
vn -1.000000 0.000000 0.000000
vn -1.000000 0.000000 0.000000
vn -1.000000 0.000000 0.000000
vn -1.000000 0.000000 0.000000
vn 1.000000 0.000000 0.000000
vn 1.000000 0.000000 0.000000
vn 1.000000 0.000000 0.000000
vn 1.000000 0.000000 0.000000
vn 0.000000 0.000000 1.000000
vn 0.000000 0.000000 1.000000
vn 0.000000 0.000000 1.000000
vn 0.000000 0.000000 1.000000
vn 0.000000 0.000000 1.000000
vn 0.000000 0.000000 1.000000
vn 0.000000 0.000000 1.000000
vn 0.000000 0.000000 1.000000
vn 0.000000 -0.563820 0.825898
vn 0.000000 -0.563820 0.825898
vn 0.000000 -0.563820 0.825898
vn -0.563820 0.000000 0.825898
vn -0.563820 0.000000 0.825898
vn -0.563820 0.000000 0.825898
vn 0.000000 0.563817 0.825899
vn 0.000000 0.563817 0.825899
vn 0.000000 0.563817 0.825899
vn 0.563820 0.000000 0.825898
vn 0.563820 0.000000 0.825898
vn 0.563820 0.000000 0.825898
vn 0.000000 0.320722 0.947173
vn 0.000000 0.320722 0.947173
vn 0.000000 0.320722 0.947173
vn -0.671938 0.740608 0.000000
vn -0.671938 0.740608 0.000000
vn -0.671938 0.740608 0.000000
vn 0.000000 0.320723 -0.947173
vn 0.000000 0.320723 -0.947173
vn 0.000000 0.320723 -0.947173
vn 0.671938 0.740608 0.000000
vn 0.671938 0.740608 0.000000
vn 0.671938 0.740608 0.000000
vn 0.000000 -0.320722 0.947173
vn 0.000000 -0.320722 0.947173
vn 0.000000 -0.320722 0.947173
vn -0.671937 -0.740608 -0.000001
vn -0.671937 -0.740608 -0.000001
vn -0.671937 -0.740608 -0.000001
vn 0.000000 -0.320722 -0.947173
vn 0.000000 -0.320722 -0.947173
vn 0.000000 -0.320722 -0.947173
vn 0.671937 -0.740608 -0.000001
vn 0.671937 -0.740608 -0.000001
vn 0.671937 -0.740608 -0.000001
vn 0.311569 0.950224 0.000000
vn 0.311569 0.950224 0.000000
vn 0.311569 0.950224 0.000000
vn 0.311569 0.950224 0.000000
vn 0.311569 -0.950224 0.000000
vn 0.311569 -0.950224 0.000000
vn 0.311569 -0.950224 0.000000
vn 0.311569 -0.950224 0.000000
vn 0.069166 0.000000 0.997605
vn 0.069166 0.000000 0.997605
vn 0.069166 0.000000 0.997605
vn 0.069166 0.000000 0.997605
vn 0.069166 0.000000 -0.997605
vn 0.069166 0.000000 -0.997605
vn 0.069166 0.000000 -0.997605
vn 0.069166 0.000000 -0.997605
vn 1.000000 0.000001 -0.000000
vn 1.000000 0.000001 -0.000000
vn 1.000000 0.000001 0.000006
vn 1.000000 0.000001 0.000006
vn 1.000000 -0.000001 0.000006
vn 1.000000 -0.000001 0.000006
vn 1.000000 -0.000001 -0.000000
vn 1.000000 -0.000001 -0.000000
vn 0.692674 -0.721251 0.000001
vn 0.692674 -0.721251 0.000001
vn 0.692674 -0.721251 0.000001
vn 0.136263 0.000000 0.990673
vn 0.136263 0.000000 0.990673
vn 0.136263 0.000000 0.990673
vn 0.692674 0.721251 -0.000003
vn 0.692674 0.721251 -0.000003
vn 0.692674 0.721251 -0.000003
vn 0.136263 0.000000 -0.990673
vn 0.136263 0.000000 -0.990673
vn 0.136263 0.000000 -0.990673
vn 0.563820 0.000000 0.825897
vn 0.563820 0.000000 0.825897
vn 0.563820 0.000000 0.825897
vn 0.000000 -0.563818 0.825899
vn 0.000000 -0.563818 0.825899
vn 0.000000 -0.563818 0.825899
vn -0.563820 0.000000 0.825898
vn -0.563820 0.000000 0.825898
vn -0.563820 0.000000 0.825898
vn 0.000000 0.563818 0.825899
vn 0.000000 0.563818 0.825899
vn 0.000000 0.563818 0.825899
vn 0.000000 -0.563819 0.825898
vn 0.000000 -0.563819 0.825898
vn 0.000000 -0.563819 0.825898
vn 0.563819 0.000000 0.825899
vn 0.563819 0.000000 0.825899
vn 0.563819 0.000000 0.825899
vn 0.000000 0.563820 0.825898
vn 0.000000 0.563820 0.825898
vn 0.000000 0.563820 0.825898
vn -0.563818 -0.000001 0.825899
vn -0.563818 -0.000001 0.825899
vn -0.563818 -0.000001 0.825899
vn 0.563819 0.000000 0.825898
vn 0.563819 0.000000 0.825898
vn 0.563819 0.000000 0.825898
vn 0.000000 -0.563818 0.825899
vn 0.000000 -0.563818 0.825899
vn 0.000000 -0.563818 0.825899
vn -0.563819 0.000000 0.825898
vn -0.563819 0.000000 0.825898
vn -0.563819 0.000000 0.825898
vn 0.000000 0.563819 0.825899
vn 0.000000 0.563819 0.825899
vn 0.000000 0.563819 0.825899
vn 0.000000 1.000000 0.000000
vn 0.000000 1.000000 0.000000
vn 0.000000 1.000000 0.000000
vn 0.000000 1.000000 0.000000
vn 0.000000 -1.000000 0.000000
vn 0.000000 -1.000000 0.000000
vn 0.000000 -1.000000 0.000000
vn 0.000000 -1.000000 0.000000
vn -1.000000 0.000000 0.000000
vn -1.000000 0.000000 0.000000
vn -1.000000 0.000000 0.000000
vn -1.000000 0.000000 0.000000
vn 1.000000 0.000000 0.000000
vn 1.000000 0.000000 0.000000
vn 1.000000 0.000000 0.000000
vn 1.000000 0.000000 0.000000
vn -0.000000 0.000000 1.000000
vn -0.000000 0.000000 1.000000
vn 0.000000 0.000000 1.000000
vn 0.000000 0.000000 1.000000
vn 0.000000 0.000000 1.000000
vn 0.000000 0.000000 1.000000
vn -0.000000 0.000000 1.000000
vn -0.000000 0.000000 1.000000
vn 0.000000 -0.563820 0.825898
vn 0.000000 -0.563820 0.825898
vn 0.000000 -0.563820 0.825898
vn -0.563819 0.000000 0.825899
vn -0.563819 0.000000 0.825899
vn -0.563819 0.000000 0.825899
vn 0.000000 0.563818 0.825899
vn 0.000000 0.563818 0.825899
vn 0.000000 0.563818 0.825899
vn 0.563819 0.000000 0.825899
vn 0.563819 0.000000 0.825899
vn 0.563819 0.000000 0.825899
vn 0.000000 -1.000000 0.000000
vn 0.000000 -1.000000 0.000000
vn 0.000000 -1.000000 0.000000
vn 0.000000 -1.000000 0.000000
vn 0.000000 1.000000 0.000000
vn 0.000000 1.000000 0.000000
vn 0.000000 1.000000 0.000000
vn 0.000000 1.000000 0.000000
vn -1.000000 0.000000 0.000000
vn -1.000000 0.000000 0.000000
vn -1.000000 0.000000 0.000000
vn -1.000000 0.000000 0.000000
vn 1.000000 0.000000 0.000000
vn 1.000000 0.000000 0.000000
vn 1.000000 0.000000 0.000000
vn 1.000000 0.000000 0.000000
vn -0.000000 0.000000 1.000000
vn 0.000000 0.000000 1.000000
vn 0.000000 0.000000 1.000000
vn -0.000000 0.000000 1.000000
vn 0.000000 0.000000 1.000000
vn 0.000000 0.000000 1.000000
vn -0.000000 0.000000 1.000000
vn -0.000000 0.000000 1.000000
vn 0.000000 0.563819 0.825898
vn 0.000000 0.563819 0.825898
vn 0.000000 0.563819 0.825898
vn -0.563819 0.000000 0.825899
vn -0.563819 0.000000 0.825899
vn -0.563819 0.000000 0.825899
vn 0.000000 -0.563819 0.825899
vn 0.000000 -0.563819 0.825899
vn 0.000000 -0.563819 0.825899
vn 0.563819 0.000000 0.825899
vn 0.563819 0.000000 0.825899
vn 0.563819 0.000000 0.825899
vn 0.000000 -1.000000 0.000000
vn 0.000000 -1.000000 0.000000
vn 0.000000 -1.000000 0.000000
vn 0.000000 -1.000000 0.000000
vn 0.000000 1.000000 0.000000
vn 0.000000 1.000000 0.000000
vn 0.000000 1.000000 0.000000
vn 0.000000 1.000000 0.000000
vn -1.000000 0.000000 0.000000
vn -1.000000 0.000000 0.000000
vn -1.000000 0.000000 0.000000
vn -1.000000 0.000000 0.000000
vn 1.000000 0.000000 0.000000
vn 1.000000 0.000000 0.000000
vn 1.000000 0.000000 0.000000
vn 1.000000 0.000000 0.000000
vn -0.000000 0.000000 1.000000
vn 0.000000 0.000000 1.000000
vn 0.000000 0.000000 1.000000
vn -0.000000 0.000000 1.000000
vn 0.000000 0.000000 1.000000
vn 0.000000 0.000000 1.000000
vn -0.000000 0.000000 1.000000
vn -0.000000 0.000000 1.000000
vn 0.000000 0.563819 0.825898
vn 0.000000 0.563819 0.825898
vn 0.000000 0.563819 0.825898
vn -0.563819 0.000000 0.825899
vn -0.563819 0.000000 0.825899
vn -0.563819 0.000000 0.825899
vn 0.000000 -0.563819 0.825899
vn 0.000000 -0.563819 0.825899
vn 0.000000 -0.563819 0.825899
vn 0.563819 0.000000 0.825899
vn 0.563819 0.000000 0.825899
vn 0.563819 0.000000 0.825899
vn 0.000000 0.000000 1.000000
vn 0.000000 0.000000 1.000000
vn 0.000000 0.000000 1.000000
vn -0.000000 0.000000 1.000000
vn -0.000000 0.000000 1.000000
vn -0.000000 0.000000 1.000000
vn -0.000000 0.000000 1.000000
vn -0.000000 0.000000 1.000000
vn -0.000000 0.000000 1.000000
vn -0.000000 0.000000 1.000000
vn -0.000000 -0.000000 1.000000
vn 0.000000 0.000000 1.000000
vn 0.000000 0.000000 1.000000
vn -0.000000 0.000000 1.000000
vn 0.000000 0.000000 1.000000
vn 0.000000 0.000000 1.000000
vn -0.000000 0.000000 1.000000
vn 0.000000 0.000000 1.000000
vn 0.000000 0.000000 1.000000
vn 0.000000 0.000000 1.000000
vn 0.000000 0.000000 1.000000
vn 0.000000 0.000000 1.000000
vn -0.000000 0.000000 1.000000
vn -0.000000 0.000000 1.000000
vn 0.000000 0.000000 1.000000
vn 0.000000 0.000000 1.000000
vn 0.000000 0.000000 1.000000
vn -0.000000 0.000000 1.000000
vn -0.000000 -0.000000 1.000000
vn 0.000000 0.000000 1.000000
vn 0.000000 0.000000 1.000000
vn 0.000000 0.000000 1.000000
vn 0.000000 0.000000 1.000000
vn 0.000000 0.000000 1.000000
vn 0.000000 0.000000 1.000000
vn 0.000000 0.000000 1.000000
vn -0.000000 0.000000 1.000000
vn -0.000000 0.000000 1.000000
vn -0.000000 0.000000 1.000000
vn -0.000000 0.000000 1.000000
vn -0.000000 0.000000 1.000000
vn -0.000000 0.000000 1.000000
vn 0.000000 0.000000 1.000000
vn 0.000000 0.000000 1.000000
vn 0.246137 0.969235 0.000000
vn 0.246137 0.969235 0.000000
vn 0.474714 0.880140 0.000000
vn 0.474714 0.880140 0.000000
vn 0.836991 0.356402 0.415240
vn 0.836991 0.356402 0.415240
vn 0.836991 0.356402 0.415240
vn 0.836991 0.356402 0.415240
vn 0.278225 0.912198 0.300809
vn 0.278225 0.912198 0.300809
vn 0.278225 0.912198 0.300809
vn 0.278225 0.912198 0.300809
vn 0.842142 0.005399 0.539229
vn 0.842142 0.005399 0.539229
vn 0.842142 0.005399 0.539229
vn 0.842142 0.005399 0.539229
vn -0.579321 -0.663660 0.473227
vn -0.579321 -0.663660 0.473227
vn -0.449617 -0.761405 0.467020
vn -0.449617 -0.761405 0.467020
vn -0.861587 -0.000509 0.507610
vn -0.861587 -0.000509 0.507610
vn -0.861587 -0.000509 0.507610
vn -0.861587 -0.000509 0.507610
vn 0.009418 0.892505 0.450938
vn 0.009418 0.892505 0.450938
vn 0.009418 0.892505 0.450938
vn 0.009418 0.892505 0.450938
vn -0.026622 -0.911108 0.411307
vn -0.026622 -0.911108 0.411307
vn -0.026622 -0.911108 0.411307
vn -0.026622 -0.911108 0.411307
vn 0.020554 0.931063 0.364279
vn 0.020554 0.931063 0.364279
vn 0.020554 0.931063 0.364279
vn 0.020554 0.931063 0.364279
vn 0.824350 0.000000 0.566080
vn 0.824350 0.000000 0.566080
vn 0.824350 0.000000 0.566080
vn 0.824350 0.000000 0.566080
vn -0.308036 -0.839036 0.448477
vn -0.308036 -0.839036 0.448477
vn 0.000000 0.000000 -1.000000
vn 0.000000 0.000000 -1.000000
vn 0.000000 0.000000 -1.000000
vn 0.000000 0.000000 -1.000000
vn 0.000000 0.000000 -1.000000
vn 0.000000 0.000000 -1.000000
vn 0.000000 0.000000 -1.000000
vn 0.000000 0.000000 -1.000000
vn 0.998793 0.049127 0.000000
vn 0.998793 0.049127 0.000000
vn 0.998793 0.049127 0.000000
vn 0.998793 0.049127 0.000000
vn 0.372763 -0.927927 0.000000
vn 0.372763 -0.927927 0.000000
vn 0.372763 -0.927927 0.000000
vn 0.372763 -0.927927 0.000000
vn -0.001235 0.999999 0.000000
vn -0.001235 0.999999 0.000000
vn -0.001235 0.999999 0.000000
vn -0.001235 0.999999 0.000000
vn 0.848266 0.529570 0.000000
vn 0.848266 0.529570 0.000000
vn 0.848266 0.529570 0.000000
vn 0.848266 0.529570 0.000000
vn 0.554875 0.831934 0.000000
vn 0.554875 0.831934 0.000000
vn 0.999867 -0.016301 0.000000
vn 0.999867 -0.016301 0.000000
vn 0.999867 -0.016301 0.000000
vn 0.999867 -0.016301 0.000000
vn 0.422170 0.906517 0.000000
vn 0.422170 0.906517 0.000000
vn -0.000000 0.000000 -1.000000
vn -0.000000 0.000000 -1.000000
vn -0.000000 0.000000 -1.000000
vn -0.000000 0.000000 -1.000000
vn -0.000000 0.000000 -1.000000
vn -0.000000 0.000000 -1.000000
vn -0.000000 0.000000 -1.000000
vn -0.000000 0.000000 -1.000000
vn -0.000000 0.000000 1.000000
vn -0.000000 0.000000 1.000000
vn -0.000000 0.000000 1.000000
vn -0.000000 0.000000 1.000000
vn 0.000000 0.000000 1.000000
vn 0.000000 0.000000 1.000000
vn -0.000000 0.000000 1.000000
vn 0.000000 0.000000 1.000000
vn 0.000000 0.000000 1.000000
vn 0.000000 0.000000 1.000000
vn 0.000000 -0.000000 1.000000
vn -0.000000 0.000000 1.000000
vn -0.000000 0.000000 1.000000
vn -0.000000 0.000000 1.000000
vn -0.000000 0.000000 1.000000
vn -0.000000 0.000000 1.000000
vn 0.000000 0.000000 1.000000
vn 0.000000 0.000000 1.000000
vn -0.000000 0.000000 1.000000
vn 0.000000 0.000000 1.000000
vn 0.000000 0.000000 1.000000
vn 0.000000 0.000000 1.000000
vn 0.000000 0.000000 1.000000
vn 0.000000 0.000000 1.000000
vn 0.000000 0.000000 1.000000
vn 0.000000 0.000000 1.000000
vn 0.000000 0.000000 1.000000
vn 0.000000 0.000000 1.000000
vn 0.000000 -0.000000 1.000000
vn -0.000000 0.000000 1.000000
vn -0.000000 0.000000 1.000000
vn 0.000000 0.000000 1.000000
vn 0.000000 0.000000 1.000000
vn 0.000000 0.000000 1.000000
vn -0.000000 0.000000 1.000000
vn -0.000000 0.000000 1.000000
vn 0.000000 0.000000 1.000000
vn 0.000000 0.000000 1.000000
vn 0.000000 0.000000 1.000000
vn 0.000000 0.000000 1.000000
vn 0.000000 0.000000 1.000000
vn 0.000000 0.000000 1.000000
vn -0.000000 0.000000 1.000000
vn -0.000000 0.000000 1.000000
vn -0.246137 0.969235 0.000000
vn -0.474714 0.880140 0.000000
vn -0.474714 0.880140 0.000000
vn -0.246137 0.969235 0.000000
vn -0.836991 0.356402 0.415241
vn -0.836991 0.356402 0.415241
vn -0.836991 0.356402 0.415241
vn -0.836991 0.356402 0.415241
vn -0.278225 0.912198 0.300808
vn -0.278225 0.912198 0.300808
vn -0.278225 0.912198 0.300808
vn -0.278225 0.912198 0.300808
vn -0.842142 0.005399 0.539229
vn -0.842142 0.005399 0.539229
vn -0.842142 0.005399 0.539229
vn -0.842142 0.005399 0.539229
vn 0.579321 -0.663660 0.473227
vn 0.449617 -0.761405 0.467020
vn 0.449617 -0.761405 0.467020
vn 0.579321 -0.663660 0.473227
vn 0.861587 -0.000509 0.507610
vn 0.861587 -0.000509 0.507610
vn 0.861587 -0.000509 0.507610
vn 0.861587 -0.000509 0.507610
vn -0.009418 0.892505 0.450939
vn -0.009418 0.892505 0.450939
vn -0.009418 0.892505 0.450939
vn -0.009418 0.892505 0.450939
vn 0.026622 -0.911107 0.411310
vn 0.026622 -0.911107 0.411310
vn 0.026622 -0.911107 0.411310
vn 0.026622 -0.911107 0.411310
vn -0.020554 0.931064 0.364276
vn -0.020554 0.931064 0.364276
vn -0.020554 0.931064 0.364276
vn -0.020554 0.931064 0.364276
vn -0.824350 0.000000 0.566080
vn -0.824350 0.000000 0.566080
vn -0.824350 0.000000 0.566080
vn -0.824350 0.000000 0.566080
vn 0.308036 -0.839037 0.448477
vn 0.308036 -0.839037 0.448477
vn -0.000000 0.000000 -1.000000
vn 0.000000 0.000000 -1.000000
vn 0.000000 0.000000 -1.000000
vn -0.000000 0.000000 -1.000000
vn 0.000000 0.000000 -1.000000
vn 0.000000 0.000000 -1.000000
vn 0.000000 0.000000 -1.000000
vn -0.000000 0.000000 -1.000000
vn -0.998793 0.049127 0.000000
vn -0.998793 0.049127 0.000000
vn -0.998793 0.049127 0.000000
vn -0.998793 0.049127 0.000000
vn -0.372763 -0.927927 0.000000
vn -0.372763 -0.927927 0.000000
vn -0.372763 -0.927927 0.000000
vn -0.372763 -0.927927 0.000000
vn 0.001235 0.999999 0.000000
vn 0.001235 0.999999 0.000000
vn 0.001235 0.999999 0.000000
vn 0.001235 0.999999 0.000000
vn -0.848266 0.529570 0.000000
vn -0.848266 0.529570 0.000000
vn -0.848266 0.529570 0.000000
vn -0.848266 0.529570 0.000000
vn -0.554875 0.831934 0.000000
vn -0.554875 0.831934 0.000000
vn -0.999867 -0.016301 0.000000
vn -0.999867 -0.016301 0.000000
vn -0.999867 -0.016301 0.000000
vn -0.999867 -0.016301 0.000000
vn -0.422170 0.906517 0.000000
vn -0.422170 0.906517 0.000000
vn 0.000000 0.000000 -1.000000
vn 0.000000 0.000000 -1.000000
vn 0.000000 0.000000 -1.000000
vn 0.000000 0.000000 -1.000000
vn 0.000000 0.000000 -1.000000
vn 0.000000 0.000000 -1.000000
vn 0.000000 0.000000 -1.000000
vn 0.000000 0.000000 -1.000000
vn -0.000000 -0.000000 1.000000
vn -0.000000 -0.000000 1.000000
vn -0.000000 0.000000 1.000000
vn -0.000000 0.000000 1.000000
vn -0.000000 0.000000 1.000000
vn 0.000000 0.000000 1.000000
vn 0.000000 0.000000 1.000000
vn 0.000000 0.000000 1.000000
vn 0.000000 0.000000 1.000000
vn -0.000000 0.000000 1.000000
vn 0.000000 0.000000 1.000000
vn -0.000000 0.000000 1.000000
vn -0.000000 0.000000 1.000000
vn -0.000000 0.000000 1.000000
vn -0.000000 0.000000 1.000000
vn -0.000000 0.000000 1.000000
vn 0.000000 0.000000 1.000000
vn -0.000000 0.000000 1.000000
vn -0.000000 0.000000 1.000000
vn -0.000000 0.000000 1.000000
vn -0.000000 0.000000 1.000000
vn -0.000000 0.000000 1.000000
vn 0.000000 -0.000000 1.000000
vn 0.000000 -0.000000 1.000000
vn 0.000000 -0.000000 1.000000
vn -0.000000 0.000000 1.000000
vn -0.000000 0.000000 1.000000
vn -0.000000 0.000000 1.000000
vn 0.000000 0.000000 1.000000
vn -0.000000 -0.000000 1.000000
vn -0.000000 -0.000000 1.000000
vn 0.000000 0.000000 1.000000
vn 0.000000 0.000000 1.000000
vn 0.000000 0.000000 1.000000
vn 0.000000 0.000000 1.000000
vn 0.000000 0.000000 1.000000
vn 0.000000 0.000000 1.000000
vn 0.000000 0.000000 1.000000
vn 0.000000 0.000000 1.000000
vn 0.000000 0.000000 1.000000
vn -0.000000 0.000000 1.000000
vn -0.000000 0.000000 1.000000
vn 0.000000 0.000000 1.000000
vn 0.000000 0.000000 1.000000
vn -0.246137 -0.969235 0.000000
vn -0.246137 -0.969235 0.000000
vn -0.474715 -0.880140 0.000000
vn -0.474715 -0.880140 0.000000
vn -0.836990 -0.356401 0.415242
vn -0.836990 -0.356401 0.415242
vn -0.836990 -0.356401 0.415242
vn -0.836990 -0.356401 0.415242
vn -0.278224 -0.912198 0.300809
vn -0.278224 -0.912198 0.300809
vn -0.278224 -0.912198 0.300809
vn -0.278224 -0.912198 0.300809
vn -0.842142 -0.005399 0.539229
vn -0.842142 -0.005399 0.539229
vn -0.842142 -0.005399 0.539229
vn -0.842142 -0.005399 0.539229
vn 0.579319 0.663658 0.473230
vn 0.579319 0.663658 0.473230
vn 0.449616 0.761405 0.467021
vn 0.449616 0.761405 0.467021
vn 0.861587 0.000509 0.507610
vn 0.861587 0.000509 0.507610
vn 0.861587 0.000509 0.507610
vn 0.861587 0.000509 0.507610
vn -0.009418 -0.892507 0.450934
vn -0.009418 -0.892507 0.450934
vn -0.009418 -0.892507 0.450934
vn -0.009418 -0.892507 0.450934
vn 0.026622 0.911107 0.411310
vn 0.026622 0.911107 0.411310
vn 0.026622 0.911107 0.411310
vn 0.026622 0.911107 0.411310
vn -0.020554 -0.931065 0.364274
vn -0.020554 -0.931065 0.364274
vn -0.020554 -0.931065 0.364274
vn -0.020554 -0.931065 0.364274
vn -0.824350 0.000000 0.566080
vn -0.824350 0.000000 0.566080
vn -0.824350 0.000000 0.566080
vn -0.824350 0.000000 0.566080
vn 0.308036 0.839038 0.448474
vn 0.308036 0.839038 0.448474
vn -0.000000 0.000000 -1.000000
vn -0.000000 0.000000 -1.000000
vn -0.000000 0.000000 -1.000000
vn -0.000000 0.000000 -1.000000
vn 0.000000 0.000000 -1.000000
vn 0.000000 0.000000 -1.000000
vn 0.000000 0.000000 -1.000000
vn 0.000000 0.000000 -1.000000
vn -0.998793 -0.049127 0.000000
vn -0.998793 -0.049127 0.000000
vn -0.998793 -0.049127 0.000000
vn -0.998793 -0.049127 0.000000
vn -0.372763 0.927927 0.000000
vn -0.372763 0.927927 0.000000
vn -0.372763 0.927927 0.000000
vn -0.372763 0.927927 0.000000
vn 0.001235 -0.999999 0.000000
vn 0.001235 -0.999999 0.000000
vn 0.001235 -0.999999 0.000000
vn 0.001235 -0.999999 0.000000
vn -0.848267 -0.529569 0.000000
vn -0.848267 -0.529569 0.000000
vn -0.848267 -0.529569 0.000000
vn -0.848267 -0.529569 0.000000
vn -0.554875 -0.831934 0.000000
vn -0.554875 -0.831934 0.000000
vn -0.999867 0.016301 0.000000
vn -0.999867 0.016301 0.000000
vn -0.999867 0.016301 0.000000
vn -0.999867 0.016301 0.000000
vn -0.422170 -0.906517 0.000000
vn -0.422170 -0.906517 0.000000
vn 0.000000 0.000000 -1.000000
vn 0.000000 0.000000 -1.000000
vn 0.000000 0.000000 -1.000000
vn 0.000000 0.000000 -1.000000
vn 0.000000 0.000000 -1.000000
vn 0.000000 0.000000 -1.000000
vn 0.000000 0.000000 -1.000000
vn 0.000000 0.000000 -1.000000
vn 0.000000 -0.000000 1.000000
vn 0.000000 0.000000 1.000000
vn 0.000000 -0.000000 1.000000
vn -0.000000 0.000000 1.000000
vn -0.000000 0.000000 1.000000
vn -0.000000 0.000000 1.000000
vn -0.000000 0.000000 1.000000
vn 0.000000 0.000000 1.000000
vn -0.000000 0.000000 1.000000
vn -0.000000 0.000000 1.000000
vn -0.000000 0.000000 1.000000
vn 0.000000 0.000000 1.000000
vn 0.000000 0.000000 1.000000
vn 0.000000 0.000000 1.000000
vn 0.000000 0.000000 1.000000
vn 0.000000 0.000000 1.000000
vn 0.000000 0.000000 1.000000
vn 0.000000 0.000000 1.000000
vn 0.000000 0.000000 1.000000
vn 0.000000 0.000000 1.000000
vn 0.000000 0.000000 1.000000
vn -0.000000 0.000000 1.000000
vn -0.000000 -0.000000 1.000000
vn 0.000000 -0.000000 1.000000
vn -0.000000 -0.000000 1.000000
vn 0.000000 0.000000 1.000000
vn 0.000000 0.000000 1.000000
vn 0.000000 0.000000 1.000000
vn -0.000000 0.000000 1.000000
vn 0.000000 -0.000000 1.000000
vn 0.000000 -0.000000 1.000000
vn 0.000000 0.000000 1.000000
vn 0.000000 0.000000 1.000000
vn 0.000000 0.000000 1.000000
vn -0.000000 0.000000 1.000000
vn -0.000000 0.000000 1.000000
vn 0.000000 0.000000 1.000000
vn 0.000000 0.000000 1.000000
vn 0.000000 0.000000 1.000000
vn 0.000000 0.000000 1.000000
vn 0.000000 0.000000 1.000000
vn 0.000000 0.000000 1.000000
vn 0.000000 0.000000 1.000000
vn 0.000000 0.000000 1.000000
vn 0.246137 -0.969235 0.000000
vn 0.474715 -0.880140 0.000000
vn 0.474715 -0.880140 0.000000
vn 0.246137 -0.969235 0.000000
vn 0.836990 -0.356401 0.415243
vn 0.836990 -0.356401 0.415243
vn 0.836990 -0.356401 0.415243
vn 0.836990 -0.356401 0.415243
vn 0.278224 -0.912198 0.300809
vn 0.278224 -0.912198 0.300809
vn 0.278224 -0.912198 0.300809
vn 0.278224 -0.912198 0.300809
vn 0.842142 -0.005399 0.539229
vn 0.842142 -0.005399 0.539229
vn 0.842142 -0.005399 0.539229
vn 0.842142 -0.005399 0.539229
vn -0.579319 0.663658 0.473230
vn -0.449616 0.761405 0.467021
vn -0.449616 0.761405 0.467021
vn -0.579319 0.663658 0.473230
vn -0.861587 0.000509 0.507609
vn -0.861587 0.000509 0.507609
vn -0.861587 0.000509 0.507609
vn -0.861587 0.000509 0.507609
vn 0.009418 -0.892507 0.450936
vn 0.009418 -0.892507 0.450936
vn 0.009418 -0.892507 0.450936
vn 0.009418 -0.892507 0.450936
vn -0.026622 0.911107 0.411310
vn -0.026622 0.911107 0.411310
vn -0.026622 0.911107 0.411310
vn -0.026622 0.911107 0.411310
vn 0.020554 -0.931065 0.364275
vn 0.020554 -0.931065 0.364275
vn 0.020554 -0.931065 0.364275
vn 0.020554 -0.931065 0.364275
vn 0.824350 0.000000 0.566080
vn 0.824350 0.000000 0.566080
vn 0.824350 0.000000 0.566080
vn 0.824350 0.000000 0.566080
vn -0.308036 0.839038 0.448474
vn -0.308036 0.839038 0.448474
vn 0.000000 0.000000 -1.000000
vn 0.000000 0.000000 -1.000000
vn 0.000000 0.000000 -1.000000
vn 0.000000 0.000000 -1.000000
vn -0.000000 0.000000 -1.000000
vn -0.000000 0.000000 -1.000000
vn -0.000000 0.000000 -1.000000
vn 0.000000 0.000000 -1.000000
vn 0.998793 -0.049127 0.000000
vn 0.998793 -0.049127 0.000000
vn 0.998793 -0.049127 0.000000
vn 0.998793 -0.049127 0.000000
vn 0.372763 0.927927 0.000000
vn 0.372763 0.927927 0.000000
vn 0.372763 0.927927 0.000000
vn 0.372763 0.927927 0.000000
vn -0.001235 -0.999999 0.000000
vn -0.001235 -0.999999 0.000000
vn -0.001235 -0.999999 0.000000
vn -0.001235 -0.999999 0.000000
vn 0.848267 -0.529569 0.000000
vn 0.848267 -0.529569 0.000000
vn 0.848267 -0.529569 0.000000
vn 0.848267 -0.529569 0.000000
vn 0.554875 -0.831934 0.000000
vn 0.554875 -0.831934 0.000000
vn 0.999867 0.016301 0.000000
vn 0.999867 0.016301 0.000000
vn 0.999867 0.016301 0.000000
vn 0.999867 0.016301 0.000000
vn 0.422170 -0.906517 0.000000
vn 0.422170 -0.906517 0.000000
vn -0.000000 0.000000 -1.000000
vn -0.000000 0.000000 -1.000000
vn -0.000000 0.000000 -1.000000
vn -0.000000 0.000000 -1.000000
vn 0.000000 0.000000 -1.000000
vn 0.000000 0.000000 -1.000000
vn 0.000000 0.000000 -1.000000
vn 0.000000 0.000000 -1.000000
vn 0.000000 1.000000 0.000000
vn 0.000000 1.000000 0.000000
vn 0.000000 1.000000 0.000000
vn 0.000000 1.000000 0.000000
vn 0.000000 -0.015971 -0.999873
vn 0.000000 -0.015971 -0.999873
vn 0.000000 0.058290 -0.998300
vn 0.000000 0.058290 -0.998300
vn 0.000000 -1.000000 0.000000
vn 0.000000 -1.000000 0.000000
vn 0.000000 -1.000000 0.000000
vn 0.000000 -1.000000 0.000000
vn 1.000000 0.000000 0.000000
vn 1.000000 0.000000 0.000000
vn 1.000000 0.000000 0.000000
vn 1.000000 0.000000 0.000000
vn -1.000000 0.000000 0.000000
vn -1.000000 0.000000 0.000000
vn -1.000000 0.000000 0.000000
vn -1.000000 0.000000 0.000000
vn 0.000000 0.000000 -1.000000
vn 0.000000 0.000000 -1.000000
vn 0.000000 -0.058290 -0.998300
vn 0.000000 -0.058290 -0.998300
vn -1.000000 -0.000000 0.000000
vn -1.000000 -0.000000 0.000000
vn -1.000000 0.000000 0.000000
vn -1.000000 0.000000 0.000000
vn 1.000000 0.000000 0.000000
vn 1.000000 0.000000 0.000000
vn 1.000000 0.000000 0.000000
vn 1.000000 0.000000 0.000000
vn 0.000000 0.015971 -0.999872
vn 0.000000 0.015971 -0.999872
vn -1.000000 -0.000000 0.000000
vn -1.000000 -0.000000 0.000000
vn 1.000000 -0.000000 0.000000
vn 1.000000 -0.000000 0.000000
s 1
g Sheild2
usemtl lambert4SG
f 1/1/1 2/2/2 3/3/3 4/4/4
s off
f 5/5/5 6/6/6 7/7/7 8/8/8
f 9/9/9 10/10/10 2/2/11 1/1/12
s 2
f 2/2/13 10/10/14 11/11/15 3/3/16
s 3
f 9/9/17 1/1/18 4/4/19 12/12/20
f 12/12/20 4/4/19 5/5/21 8/8/22
s 2
f 3/3/16 11/11/15 7/7/23 6/6/24
s 1
f 4/4/4 3/3/3 6/6/25 5/5/26
s 4
f 13/13/27 14/14/28 15/15/29 16/16/30
s off
f 17/17/31 18/18/32 19/19/33 20/20/34
f 21/21/35 22/22/36 14/14/37 13/13/38
s 5
f 14/14/39 22/22/40 23/23/41 15/15/42
s 6
f 21/21/43 13/13/44 16/16/45 24/24/46
f 24/24/46 16/16/45 17/17/47 20/20/48
s 5
f 15/15/42 23/23/41 19/19/49 18/18/50
s 4
f 16/16/30 15/15/29 18/18/51 17/17/52
s 7
f 25/25/53 26/26/54 27/27/55 28/28/56
s off
f 29/29/57 30/30/58 31/31/59 32/32/60
f 33/33/61 34/34/62 26/26/63 25/25/64
s 8
f 26/26/65 34/34/66 35/35/67 27/27/68
s 9
f 33/33/69 25/25/70 28/28/71 36/36/72
f 36/36/72 28/28/71 29/29/73 32/32/74
s 8
f 27/27/68 35/35/67 31/31/75 30/30/76
s 7
f 28/28/56 27/27/55 30/30/77 29/29/78
s 10
f 37/37/79 38/38/80 39/39/81 40/40/82
s off
f 41/41/83 42/42/84 43/43/85 44/44/86
f 45/45/87 46/46/88 38/38/89 37/37/90
s 11
f 38/38/91 46/46/92 47/47/93 39/39/94
s 12
f 45/45/95 37/37/96 40/40/97 48/48/98
f 48/48/98 40/40/97 41/41/99 44/44/100
s 11
f 39/39/94 47/47/93 43/43/101 42/42/102
s 10
f 40/40/82 39/39/81 42/42/103 41/41/104
s off
f 49/49/105 50/50/106 51/51/107 52/52/108
f 53/53/109 54/54/110 55/55/111 56/56/112
f 55/55/113 52/52/114 51/51/115 56/56/116
f 53/53/117 50/50/118 49/49/119 54/54/120
s 13
f 54/54/121 57/57/122 58/58/123 55/55/124
f 55/55/124 58/58/123 59/59/125 52/52/126
f 52/52/126 59/59/125 60/60/127 49/49/128
f 49/49/128 60/60/127 57/57/122 54/54/121
s off
f 57/57/129 61/61/130 58/58/131
f 58/58/132 61/61/133 59/59/134
f 59/59/135 61/61/136 60/60/137
f 60/60/138 61/61/139 57/57/140
f 62/62/141 65/63/142 64/64/143 63/65/144
f 66/66/145 69/67/146 68/68/147 67/69/148
f 68/68/149 69/67/150 64/64/151 65/63/152
f 66/66/153 67/69/154 62/62/155 63/65/156
s 14
f 67/69/157 68/68/158 71/70/159 70/71/160
f 68/68/158 65/63/161 72/72/162 71/70/159
f 65/63/161 62/62/163 73/73/164 72/72/162
f 62/62/163 67/69/157 70/71/160 73/73/164
s off
f 70/71/165 71/70/166 74/74/167
f 71/70/168 72/72/169 74/74/170
f 72/72/171 73/73/172 74/74/173
f 73/73/174 70/71/175 74/74/176
f 75/75/177 76/76/178 79/77/179
f 76/76/180 77/78/181 79/77/182
f 77/78/183 78/79/184 79/77/185
f 78/79/186 75/75/187 79/77/188
f 89/80/189 86/81/190 92/82/191 93/83/192
f 97/84/193 98/85/194 104/86/195 101/87/196
f 102/88/197 103/89/198 94/90/199 91/91/200
f 99/92/201 96/93/202 87/94/203 88/95/204
f 80/96/205 81/97/206 84/98/207
f 81/97/208 82/99/209 84/98/210
f 82/99/211 83/100/212 84/98/213
f 83/100/214 80/96/215 84/98/216
s 15
f 85/101/217 95/102/218 80/96/219 83/100/220
f 90/103/221 85/101/217 83/100/220 82/99/222
f 95/102/218 100/104/223 81/97/224 80/96/219
s 16
f 100/104/225 102/88/226 91/91/227 90/103/228
s off
f 87/94/229 86/81/230 89/80/231 88/95/232
f 92/82/233 91/91/234 94/90/235 93/83/236
f 97/84/237 96/93/238 99/92/239 98/85/240
f 102/88/241 101/87/242 104/86/243 103/89/244
s 16
f 85/101/245 86/81/246 87/94/247
f 90/103/228 91/91/227 92/82/248
f 95/102/249 96/93/250 97/84/251
f 100/104/225 101/87/252 102/88/226
s off
f 107/105/253 109/106/254 110/107/255 108/108/256
f 111/109/257 105/110/258 106/111/259 112/112/260
f 106/111/261 108/108/262 110/107/263 112/112/264
f 111/109/265 109/106/266 107/105/267 105/110/268
s 18
f 105/110/269 113/113/270 114/114/271 106/111/272
f 106/111/272 114/114/271 115/115/273 108/108/274
f 108/108/274 115/115/273 116/116/275 107/105/276
f 107/105/276 116/116/275 113/113/270 105/110/269
s off
f 113/113/277 117/117/278 114/114/279
f 114/114/280 117/117/281 115/115/282
f 115/115/283 117/117/284 116/116/285
f 116/116/286 117/117/287 113/113/288
s 19
f 118/118/289 119/119/290 129/120/291 126/121/292
s off
f 120/122/293 121/123/294 123/124/295 122/125/296
f 124/126/297 125/127/298 119/119/299 118/118/300
s 20
f 119/119/301 125/127/302 128/128/303 129/120/304
s 21
f 124/126/305 118/118/306 126/121/307 127/129/308
f 127/129/308 126/121/307 120/122/309 122/125/310
s 20
f 129/120/304 128/128/303 123/124/311 121/123/312
s 19
f 126/121/292 129/120/291 121/123/313 120/122/314
s off
f 132/130/315 134/131/316 135/132/317 133/133/318
f 136/134/319 130/135/320 131/136/321 137/137/322
f 131/136/323 133/133/324 135/132/325 137/137/326
f 136/134/327 134/131/328 132/130/329 130/135/330
s 22
f 130/135/331 138/138/332 139/139/333 131/136/334
f 131/136/334 139/139/333 140/140/335 133/133/336
f 133/133/336 140/140/335 141/141/337 132/130/338
f 132/130/338 141/141/337 138/138/332 130/135/331
s off
f 138/138/339 142/142/340 139/139/341
f 139/139/342 142/142/343 140/140/344
f 140/140/345 142/142/346 141/141/347
f 141/141/348 142/142/349 138/138/350
f 143/143/351 147/144/352 144/145/353
f 144/145/354 147/144/355 145/146/356
f 145/146/357 147/144/358 146/147/359
f 146/147/360 147/144/361 143/143/362
f 148/148/363 149/149/364 152/150/365
f 149/149/366 150/151/367 152/150/368
f 150/151/369 151/152/370 152/150/371
f 151/152/372 148/148/373 152/150/374
f 155/153/375 157/154/376 158/155/377 156/156/378
f 159/157/379 153/158/380 154/159/381 160/160/382
f 154/159/383 156/156/384 158/155/385 160/160/386
f 159/157/387 157/154/388 155/153/389 153/158/390
s 23
f 153/158/391 161/161/392 162/162/393 154/159/394
f 154/159/394 162/162/393 163/163/395 156/156/396
f 156/156/396 163/163/395 164/164/397 155/153/398
f 155/153/398 164/164/397 161/161/392 153/158/391
s off
f 161/161/399 165/165/400 162/162/401
f 162/162/402 165/165/403 163/163/404
f 163/163/405 165/165/406 164/164/407
f 164/164/408 165/165/409 161/161/410
f 166/166/411 170/167/412 167/168/413
f 167/169/414 170/170/415 168/171/416
f 168/172/417 170/173/418 169/174/419
f 169/175/420 170/176/421 166/177/422
f 171/178/423 172/179/424 175/180/425
f 172/179/426 173/181/427 175/180/428
f 173/181/429 174/182/430 175/180/431
f 174/182/432 171/178/433 175/180/434
f 176/183/435 180/184/436 177/185/437
f 177/186/438 180/187/439 178/188/440
f 178/189/441 180/190/442 179/191/443
f 179/192/444 180/193/445 176/194/446
f 183/195/447 185/196/448 186/197/449 184/198/450
f 187/199/451 181/200/452 182/201/453 188/202/454
f 182/201/455 184/198/456 186/197/457 188/202/458
f 187/199/459 185/196/460 183/195/461 181/200/462
s 24
f 181/200/463 189/203/464 190/204/465 182/201/466
f 182/201/466 190/204/465 191/205/467 184/198/468
f 184/198/468 191/205/467 192/206/469 183/195/470
f 183/195/470 192/206/469 189/203/464 181/200/463
s off
f 189/203/471 193/207/472 190/204/473
f 190/204/474 193/207/475 191/205/476
f 191/205/477 193/207/478 192/206/479
f 192/206/480 193/207/481 189/203/482
f 196/208/483 197/209/484 199/210/485 198/211/486
f 200/212/487 201/213/488 195/214/489 194/215/490
f 195/214/491 201/213/492 199/210/493 197/209/494
f 200/212/495 194/215/496 196/208/497 198/211/498
s 25
f 194/215/499 195/214/500 203/216/501 202/217/502
f 195/214/500 197/209/503 204/218/504 203/216/501
f 197/209/503 196/208/505 205/219/506 204/218/504
f 196/208/505 194/215/499 202/217/502 205/219/506
s off
f 202/217/507 203/216/508 206/220/509
f 203/216/510 204/218/511 206/220/512
f 204/218/513 205/219/514 206/220/515
f 205/219/516 202/217/517 206/220/518
f 209/221/519 210/222/520 212/223/521 211/224/522
f 213/225/523 214/226/524 208/227/525 207/228/526
f 208/227/527 214/226/528 212/223/529 210/222/530
f 213/225/531 207/228/532 209/221/533 211/224/534
s 26
f 207/228/535 208/227/536 216/229/537 215/230/538
f 208/227/536 210/222/539 217/231/540 216/229/537
f 210/222/539 209/221/541 218/232/542 217/231/540
f 209/221/541 207/228/535 215/230/538 218/232/542
s off
f 215/230/543 216/229/544 219/233/545
f 216/229/546 217/231/547 219/233/548
f 217/231/549 218/232/550 219/233/551
f 218/232/552 215/230/553 219/233/554
s 27
f 220/234/555 239/235/556 238/236/557
s 28
f 241/237/558 222/238/559 221/239/560 240/240/561
s 27
f 223/241/562 243/242/563 242/243/564
s 30
f 244/244/565 247/245/566 246/246/567 245/247/568
s 28
f 241/237/558 248/248/569 224/249/570 222/238/559
s 27
f 225/250/571 220/234/555 238/236/557 249/251/572
f 250/252/573 249/251/572 238/236/557 239/235/556
s 31
f 232/253/574 229/254/575 230/255/576
s 27
f 223/241/562 225/250/571 249/251/572 243/242/563
s 30
f 251/256/577 253/257/578 252/258/579
f 245/247/568 256/259/580 255/260/581 254/261/582
f 244/244/565 245/247/568 254/261/582 257/262/583
f 251/256/577 244/244/565 257/262/583 253/257/578
s 27
f 252/258/584 253/257/585 239/235/556 220/234/555
s 31
f 234/263/586 232/253/574 231/264/587 233/265/588
f 234/263/586 229/254/575 232/253/574
s 27
f 254/261/589 242/243/564 243/242/563 257/262/590
s off
f 236/266/591 228/267/592 235/268/593 237/269/594
s 27
f 221/239/595 223/241/562 242/243/564 240/240/596
s 28
f 256/259/597 241/237/558 240/240/561 255/260/598
s 33
f 246/270/599 261/271/600 260/272/601 245/273/602
s off
f 232/253/603 250/252/604 239/235/605 231/264/606
f 230/255/607 249/251/608 250/252/609 232/253/610
f 229/254/611 243/242/612 249/251/613 230/255/614
s 34
f 235/268/615 254/261/616 255/260/617 237/269/618
s off
f 233/265/619 253/257/620 257/262/621 234/263/622
f 231/264/623 239/235/624 253/257/625 233/265/626
f 234/263/627 257/262/628 243/242/629 229/254/630
f 228/267/631 242/243/632 254/261/633 235/268/634
f 236/266/635 240/240/636 242/243/637 228/267/638
s 34
f 237/269/618 255/260/617 240/240/639 236/266/640
s 35
f 259/274/641 260/272/642 261/271/643 262/275/644
s off
f 258/276/645 227/277/646 263/278/647
s 35
f 260/272/642 259/274/641 227/277/648
s off
f 246/270/649 247/279/650 262/275/651 261/271/652
f 247/279/653 244/280/654 259/274/655 262/275/656
f 224/281/657 248/282/658 263/278/659 227/277/660
f 248/282/661 241/283/662 258/276/663 263/278/664
s 33
f 256/284/665 245/273/602 260/272/601 265/285/666
s 36
f 244/280/667 264/286/668 259/274/669
f 244/280/667 251/287/670 264/286/668
s 33
f 241/283/671 256/284/665 265/285/666 258/276/672
s off
f 265/285/673 260/272/674 227/277/675 258/276/676
f 226/288/677 227/277/678 259/274/679 264/286/680
s 37
f 220/289/681 276/290/682 277/291/683
s 38
f 279/292/684 278/293/685 221/294/686 222/295/687
s 37
f 223/296/688 280/297/689 281/298/690
s 40
f 282/299/691 283/300/692 284/301/693 285/302/694
s 38
f 279/292/684 222/295/687 224/303/695 286/304/696
s 37
f 225/305/697 287/306/698 276/290/682 220/289/681
f 288/307/699 277/291/683 276/290/682 287/306/698
s 41
f 270/308/700 268/309/701 267/310/702
s 37
f 223/296/688 281/298/690 287/306/698 225/305/697
s 40
f 289/311/703 290/312/704 291/313/705
f 283/300/692 292/314/706 293/315/707 294/316/708
f 282/299/691 295/317/709 292/314/706 283/300/692
f 289/311/703 291/313/705 295/317/709 282/299/691
s 37
f 290/312/710 220/289/681 277/291/683 291/313/711
s 41
f 272/318/712 271/319/713 269/320/714 270/308/700
f 272/318/712 270/308/700 267/310/702
s 37
f 292/314/715 295/317/716 281/298/690 280/297/689
s off
f 274/321/717 275/322/718 273/323/719 266/324/720
s 37
f 221/294/721 278/293/722 280/297/689 223/296/688
s 38
f 294/316/723 293/315/724 278/293/685 279/292/684
s 43
f 284/325/725 283/326/726 298/327/727 299/328/728
s off
f 270/308/729 269/320/730 277/291/731 288/307/732
f 268/309/733 270/308/734 288/307/735 287/306/736
f 267/310/737 268/309/738 287/306/739 281/298/740
s 44
f 273/323/741 275/322/742 293/315/743 292/314/744
s off
f 271/319/745 272/318/746 295/317/747 291/313/748
f 269/320/749 271/319/750 291/313/751 277/291/752
f 272/318/753 267/310/754 281/298/755 295/317/756
f 266/324/757 273/323/758 292/314/759 280/297/760
f 274/321/761 266/324/762 280/297/763 278/293/764
s 44
f 275/322/742 274/321/765 278/293/766 293/315/743
s 45
f 297/329/767 300/330/768 299/328/769 298/327/770
s off
f 296/331/771 301/332/772 227/333/773
s 45
f 298/327/770 227/333/774 297/329/767
s off
f 284/325/775 299/328/776 300/330/777 285/334/778
f 285/334/779 300/330/780 297/329/781 282/335/782
f 224/336/783 227/333/784 301/332/785 286/337/786
f 286/337/787 301/332/788 296/331/789 279/338/790
s 43
f 294/339/791 303/340/792 298/327/727 283/326/726
s 46
f 282/335/793 297/329/794 302/341/795
f 282/335/793 302/341/795 289/342/796
s 43
f 279/338/797 296/331/798 303/340/792 294/339/791
s off
f 303/340/799 296/331/800 227/333/801 298/327/802
f 226/343/803 302/341/804 297/329/805 227/333/806
s 47
f 220/344/807 321/345/808 320/346/809
s 48
f 323/347/810 305/348/811 304/349/812 322/350/813
s 47
f 306/351/814 325/352/815 324/353/816
s 50
f 326/354/817 329/355/818 328/356/819 327/357/820
s 48
f 323/347/810 330/358/821 307/359/822 305/348/811
s 47
f 308/360/823 220/344/807 320/346/809 331/361/824
f 332/362/825 331/361/824 320/346/809 321/345/808
s 51
f 314/363/826 311/364/827 312/365/828
s 47
f 306/351/814 308/360/823 331/361/824 325/352/815
s 50
f 289/366/829 333/367/830 290/368/831
f 327/357/820 336/369/832 335/370/833 334/371/834
f 326/354/817 327/357/820 334/371/834 337/372/835
f 289/366/829 326/354/817 337/372/835 333/367/830
s 47
f 290/368/836 333/367/837 321/345/808 220/344/807
s 51
f 316/373/838 314/363/826 313/374/839 315/375/840
f 316/373/838 311/364/827 314/363/826
s 47
f 334/371/841 324/353/816 325/352/815 337/372/842
s off
f 318/376/843 310/377/844 317/378/845 319/379/846
s 47
f 304/349/847 306/351/814 324/353/816 322/350/848
s 48
f 336/369/849 323/347/810 322/350/813 335/370/850
s 53
f 328/380/851 341/381/852 340/382/853 327/383/854
s off
f 314/363/855 332/362/856 321/345/857 313/374/858
f 312/365/859 331/361/860 332/362/861 314/363/862
f 311/364/863 325/352/864 331/361/865 312/365/866
s 54
f 317/378/867 334/371/868 335/370/869 319/379/870
s off
f 315/375/871 333/367/872 337/372/873 316/373/874
f 313/374/875 321/345/876 333/367/877 315/375/878
f 316/373/879 337/372/880 325/352/881 311/364/882
f 310/377/883 324/353/884 334/371/885 317/378/886
f 318/376/887 322/350/888 324/353/889 310/377/890
s 54
f 319/379/870 335/370/869 322/350/891 318/376/892
s 55
f 339/384/893 340/382/894 341/381/895 342/385/896
s off
f 338/386/897 309/387/898 343/388/899
s 55
f 340/382/894 339/384/893 309/387/900
s off
f 328/380/901 329/389/902 342/385/903 341/381/904
f 329/389/905 326/390/906 339/384/907 342/385/908
f 307/391/909 330/392/910 343/388/911 309/387/912
f 330/392/913 323/393/914 338/386/915 343/388/916
s 53
f 336/394/917 327/383/854 340/382/853 344/395/918
s 56
f 326/390/919 302/396/920 339/384/921
f 326/390/919 289/397/922 302/396/920
s 53
f 323/393/923 336/394/917 344/395/918 338/386/924
s off
f 344/395/925 340/382/926 309/387/927 338/386/928
f 226/398/929 309/387/930 339/384/931 302/396/932
s 57
f 220/399/933 355/400/934 356/401/935
s 58
f 358/402/936 357/403/937 304/404/938 305/405/939
s 57
f 306/406/940 359/407/941 360/408/942
s 60
f 361/409/943 362/410/944 363/411/945 364/412/946
s 58
f 358/402/936 305/405/939 307/413/947 365/414/948
s 57
f 308/415/949 366/416/950 355/400/934 220/399/933
f 367/417/951 356/401/935 355/400/934 366/416/950
s 61
f 349/418/952 347/419/953 346/420/954
s 57
f 306/406/940 360/408/942 366/416/950 308/415/949
s 60
f 251/421/955 252/422/956 368/423/957
f 362/410/944 369/424/958 370/425/959 371/426/960
f 361/409/943 372/427/961 369/424/958 362/410/944
f 251/421/955 368/423/957 372/427/961 361/409/943
s 57
f 252/422/962 220/399/933 356/401/935 368/423/963
s 61
f 351/428/964 350/429/965 348/430/966 349/418/952
f 351/428/964 349/418/952 346/420/954
s 57
f 369/424/967 372/427/968 360/408/942 359/407/941
s off
f 353/431/969 354/432/970 352/433/971 345/434/972
s 57
f 304/404/973 357/403/974 359/407/941 306/406/940
s 58
f 371/426/975 370/425/976 357/403/937 358/402/936
s 63
f 363/435/977 362/436/978 375/437/979 376/438/980
s off
f 349/418/981 348/430/982 356/401/983 367/417/984
f 347/419/985 349/418/986 367/417/987 366/416/988
f 346/420/989 347/419/990 366/416/991 360/408/992
s 64
f 352/433/993 354/432/994 370/425/995 369/424/996
s off
f 350/429/997 351/428/998 372/427/999 368/423/1000
f 348/430/1001 350/429/1002 368/423/1003 356/401/1004
f 351/428/1005 346/420/1006 360/408/1007 372/427/1008
f 345/434/1009 352/433/1010 369/424/1011 359/407/1012
f 353/431/1013 345/434/1014 359/407/1015 357/403/1016
s 64
f 354/432/994 353/431/1017 357/403/1018 370/425/995
s 65
f 374/439/1019 377/440/1020 376/438/1021 375/437/1022
s off
f 373/441/1023 378/442/1024 309/443/1025
s 65
f 375/437/1022 309/443/1026 374/439/1019
s off
f 363/435/1027 376/438/1028 377/440/1029 364/444/1030
f 364/444/1031 377/440/1032 374/439/1033 361/445/1034
f 307/446/1035 309/443/1036 378/442/1037 365/447/1038
f 365/447/1039 378/442/1040 373/441/1041 358/448/1042
s 63
f 371/449/1043 379/450/1044 375/437/979 362/436/978
s 66
f 361/445/1045 374/439/1046 264/451/1047
f 361/445/1045 264/451/1047 251/452/1048
s 63
f 358/448/1049 373/441/1050 379/450/1044 371/449/1043
s off
f 379/450/1051 373/441/1052 309/443/1053 375/437/1054
f 226/453/1055 264/451/1056 374/439/1057 309/443/1058
s 16
f 90/103/228 92/82/248 86/81/246 85/101/245
f 85/101/245 87/94/247 96/93/250 95/102/249
f 95/102/249 97/84/251 101/87/252 100/104/225
s 15
f 100/104/223 90/103/221 82/99/222 81/97/224
s off
f 382/454/1059 383/455/1060 385/456/1061 384/457/1062
s 67
f 384/457/1063 385/456/1064 392/458/1065 393/459/1066
s off
f 386/460/1067 387/461/1068 381/462/1069 380/463/1070
s 68
f 395/464/1071 392/458/1072 385/456/1073 383/455/1074
s 69
f 393/459/1075 394/465/1076 382/454/1077 384/457/1078
s 67
f 389/466/1079 388/467/1080 396/468/1081 397/469/1082
s 69
f 397/469/1083 398/470/1084 390/471/1085 389/466/1086
s 68
f 399/472/1087 396/468/1088 388/467/1089 391/473/1090
s 67
f 393/459/1066 392/458/1065 388/467/1080 389/466/1079
s 69
f 389/466/1086 390/471/1085 394/465/1076 393/459/1075
s 68
f 391/473/1090 388/467/1089 392/458/1072 395/464/1071
s 67
f 397/469/1082 396/468/1081 387/461/1091 386/460/1092
s 69
f 386/460/1093 380/463/1094 398/470/1084 397/469/1083
s 68
f 381/462/1095 387/461/1096 396/468/1088 399/472/1087
